1000 5000
661 970 5998
327 872 7713
227 20 9737
791 54 9624
808 618 6427
53 969 6670
847 938 4470
428 177 2116
246 428 536
851 435 7613
756 257 8710
93 534 1017
289 89 9531
621 586 4246
244 653 5968
986 685 7100
930 301 8912
175 212 7859
747 552 4271
471 526 7303
34 283 6124
51 769 7546
590 658 2081
34 895 9672
781 778 5666
316 896 6106
636 423 401
794 460 4978
295 476 650
187 399 6084
133 815 7597
929 865 5373
313 600 1474
804 760 5734
47 306 3980
324 658 605
794 938 7623
616 518 3453
981 673 397
10 235 4546
485 714 687
341 266 5831
806 99 7373
18 190 6990
917 122 7338
738 842 4358
842 32 9324
247 517 7167
885 354 623
457 193 6087
283 145 8183
588 398 7977
431 108 5551
228 20 9571
596 525 9857
237 467 2239
344 592 3446
45 838 5745
97 169 4216
586 642 2513
839 297 3413
93 93 2644
781 759 4847
645 725 7137
986 210 8802
797 666 4910
193 986 6382
292 267 7824
380 265 6608
535 968 352
818 503 4322
383 463 8773
698 792 1313
574 225 4355
737 15 1722
234 350 1615
856 25 9659
427 635 9541
451 127 8583
340 517 9634
805 305 9522
768 346 3689
562 535 5215
997 313 6879
328 521 6050
27 885 9606
451 370 4583
527 549 5422
658 80 8806
450 310 1950
497 283 3334
296 52 2770
439 597 7024
471 632 4848
819 789 7450
395 396 3830
55 488 9802
59 903 2264
993 949 9365
49 680 6292
643 903 2009
770 405 8000
580 162 9430
91 825 6418
8 627 2659
287 601 6892
205 629 5843
317 807 9334
501 454 197
525 222 6928
158 854 86
964 568 2644
686 887 8495
323 219 4815
492 800 4848
331 260 7250
168 939 9724
136 112 2232
708 821 1193
686 990 7918
696 87 9462
687 373 8826
842 341 1615
139 254 1340
505 551 3404
300 214 7788
629 788 5718
174 143 501
392 13 1195
20 985 6152
426 268 2782
455 939 8635
781 189 9989
172 265 9661
543 947 6166
261 137 3860
226 571 1431
312 390 7171
168 714 2961
857 630 6839
904 632 1116
87 468 4842
229 99 1651
869 212 8611
990 738 6602
470 910 9898
796 512 6283
914 360 5903
32 878 351
731 970 9538
598 580 8765
486 394 1136
188 987 4994
214 399 6897
976 818 2095
809 303 795
540 336 6727
174 793 2374
483 242 9080
902 184 6726
418 417 6995
704 984 6259
398 140 3492
968 985 3459
693 164 2637
144 972 1543
481 890 6740
395 916 914
400 781 4840
339 513 796
109 336 9728
149 534 6239
567 340 356
529 342 2988
785 556 2673
688 197 8608
233 277 5995
9 673 7895
829 909 9219
574 772 7525
160 343 8727
149 504 6773
390 3 2361
114 3 663
528 891 5690
114 620 3014
136 354 2006
117 222 403
300 761 6004
105 254 6545
913 82 658
87 787 9752
87 829 5258
315 369 123
828 628 793
936 970 4847
349 480 9658
298 104 5525
196 810 5680
364 933 6413
915 204 8206
672 585 6415
898 429 2821
925 942 875
201 117 6317
145 490 5927
591 643 4565
903 367 46
245 123 6491
264 594 5484
511 896 6110
236 59 2293
316 791 4336
282 518 9187
261 473 4420
345 857 4357
668 626 7943
431 855 9335
738 990 6537
954 735 3884
188 808 6822
113 84 1255
379 245 8563
365 102 2230
546 231 6884
188 871 8640
56 934 5564
394 262 3133
715 367 6514
4 691 9473
109 372 5979
808 79 8556
780 113 6034
538 443 8751
836 372 2847
237 78 3356
196 431 3201
981 822 4503
245 300 1804
742 231 307
962 990 3902
158 986 3092
850 288 5724
374 409 5335
327 952 689
593 921 8675
714 595 9779
367 627 673
162 858 1847
742 763 9390
70 753 1248
185 346 8417
548 707 8303
121 962 8071
385 844 7280
563 334 2811
279 986 8044
464 885 3509
85 465 1874
132 242 2244
347 43 7743
286 240 7338
458 989 1551
859 115 8736
825 370 4866
126 277 1968
904 282 426
87 82 6536
651 168 809
496 312 8152
178 900 6570
51 493 1974
311 128 8398
2 536 9152
797 555 8498
440 817 446
208 692 4257
951 650 2762
786 274 8946
608 209 9769
85 562 9602
671 529 1191
446 683 4072
718 757 5353
83 200 3199
938 846 1992
470 156 2784
157 283 4365
774 568 9790
866 405 1726
2 706 530
688 532 3348
291 468 2575
653 561 4461
831 948 671
257 292 6644
683 434 5601
27 282 8163
445 409 5913
354 421 6290
527 744 4277
798 963 7253
194 179 3888
681 549 1106
139 195 5222
409 244 3270
126 638 7701
488 78 2481
44 601 4469
123 357 3188
675 112 6916
378 276 5415
25 58 1376
371 758 8415
754 782 4853
167 399 1268
987 587 9391
561 675 3215
558 938 6921
447 240 2406
312 567 7645
401 257 7054
696 847 9500
979 33 8064
37 267 4006
359 449 4030
773 634 8514
107 784 6767
831 978 7951
562 152 167
129 510 9949
345 49 5284
858 281 3065
676 993 5488
658 252 3545
951 641 4887
154 126 3641
185 521 6057
297 924 5535
232 411 3169
791 105 6258
399 508 50
170 636 9371
265 868 7195
782 2 6988
220 686 5057
691 34 4667
879 865 6697
482 79 878
625 383 4846
253 453 2346
775 691 7350
580 148 1163
697 870 3541
605 418 6299
472 592 4498
773 185 4391
368 568 8799
448 436 3393
190 707 2786
17 465 9814
815 285 8668
941 249 8599
265 197 389
960 969 5633
819 117 9543
17 316 7099
511 335 1212
137 293 7171
194 144 6409
191 74 426
792 539 471
209 509 1433
252 415 5826
895 495 7537
19 702 3749
935 552 535
519 721 4731
296 560 343
917 339 7058
336 200 7731
509 15 163
666 513 1214
443 576 2073
562 314 7303
831 849 4462
197 447 5585
980 133 9264
284 39 2826
973 718 7701
383 879 9988
564 958 3672
723 491 682
85 888 7329
337 724 4579
620 230 7590
26 914 3377
291 582 737
127 121 2003
642 144 4251
365 326 3811
937 531 3512
969 816 7283
722 452 2206
534 314 23
384 656 1211
168 357 5872
650 348 1754
327 16 2010
593 577 7105
515 736 9359
529 750 8652
178 831 564
297 624 8652
674 910 9738
103 130 3725
897 36 9360
495 69 1017
690 456 3856
807 447 5468
779 91 7966
333 32 1879
609 740 1376
394 510 9431
850 946 6314
564 254 84
647 639 8669
239 980 6118
66 697 5178
929 83 7140
799 846 4857
756 989 4491
957 376 7432
658 188 6620
739 132 4849
463 147 3760
562 835 7463
765 621 2998
355 702 5516
640 805 627
739 23 8304
850 282 6029
438 2 9964
880 55 7651
543 903 8408
28 114 3753
366 465 3593
119 572 5071
930 585 9311
40 604 1986
157 144 2329
359 257 4528
680 583 6408
91 117 5817
138 173 7715
399 11 2576
910 647 4775
844 228 4082
791 941 1428
907 364 6263
96 625 6142
912 743 4998
960 184 8610
380 754 7398
967 708 4097
551 115 5913
133 587 1013
804 978 8236
659 198 7721
629 857 2053
978 47 2244
139 906 8618
726 991 8368
108 425 6387
416 456 3688
937 468 9179
683 448 8290
331 169 1063
981 124 7572
93 149 7436
650 121 9867
401 324 8200
664 312 6693
418 889 8703
713 182 8026
311 990 5600
923 906 4817
930 251 920
852 865 195
413 381 8413
883 959 9352
241 8 2483
260 443 7742
940 452 4467
377 567 5438
877 44 41
545 15 789
616 473 2963
629 678 3960
800 129 4603
148 629 721
856 151 2559
858 262 4852
779 512 3418
140 505 8008
603 989 9350
202 906 707
942 732 2128
467 855 2242
11 440 1374
908 251 3746
539 366 74
264 895 7174
171 972 1246
813 283 6506
957 228 6283
731 766 7567
966 749 939
839 925 5562
391 601 9804
670 789 5980
19 126 568
32 439 9376
23 990 6738
563 890 3143
474 72 8042
735 549 226
560 507 7570
388 311 7833
995 227 7522
3 454 2207
92 997 9986
349 96 74
873 433 2965
95 368 7407
696 929 6056
899 471 4083
540 276 3834
249 423 4551
929 851 1273
524 314 8582
973 832 4183
25 980 2405
934 469 6987
107 171 3501
153 255 2087
105 339 7981
371 43 7326
676 459 3360
861 909 1711
612 109 3040
295 365 3391
780 684 5513
707 837 118
589 20 3189
423 380 5552
11 376 7460
264 134 6720
287 297 1671
397 813 7916
812 838 1647
623 523 5982
30 101 9581
464 772 1785
819 661 1282
814 720 8506
462 155 2466
283 559 4167
274 544 9998
412 995 7239
46 525 431
64 527 3376
507 976 9204
498 949 9602
487 419 1856
166 28 3158
311 960 1826
689 972 1092
475 835 6053
341 948 2460
248 591 3599
188 55 3655
574 451 8808
138 366 4812
529 39 8647
420 116 8194
419 148 986
37 787 3461
805 135 4529
228 468 1394
555 3 8902
324 583 8587
982 405 5100
172 73 1406
666 997 2329
383 79 9551
441 350 574
664 27 4304
862 446 7395
283 704 2917
407 606 2303
95 239 4168
336 266 357
60 416 6120
164 447 4560
440 329 1722
990 220 748
272 192 1995
930 199 6914
596 512 5178
637 704 7061
455 792 6357
705 331 7806
468 546 1575
497 184 8823
439 373 1980
449 260 4047
279 954 6850
271 656 7623
239 474 2776
603 429 3729
955 288 3892
653 975 3013
304 498 9804
532 694 649
188 172 4958
202 751 7441
259 849 7377
992 477 7236
115 417 2704
120 799 4720
387 674 8907
234 506 1945
438 437 5563
800 959 7970
347 853 4105
754 196 2899
599 554 6282
286 726 604
10 931 9454
401 153 2181
305 951 5215
808 471 7795
428 112 7301
158 860 9469
132 340 6046
360 251 245
226 167 2561
788 54 1265
723 735 8350
362 418 3415
165 974 800
131 417 2046
114 192 3528
386 269 781
425 493 6154
591 453 4025
368 148 1896
12 737 4151
698 572 9974
459 920 6291
766 619 6828
535 616 8934
409 346 483
344 111 4531
821 42 5962
675 668 3151
820 425 3831
137 593 5288
72 591 9816
701 388 7765
451 652 4540
873 663 9449
359 5 529
4 897 7484
361 448 1189
837 235 8267
973 437 1625
808 428 928
446 923 4884
835 512 4793
37 948 5380
980 336 5778
934 1000 5833
749 404 5430
24 266 2000
186 451 5613
338 447 2951
706 952 6003
33 801 6795
92 901 3297
457 155 7935
71 730 6133
549 642 5402
607 21 8201
99 270 5356
919 512 3368
166 622 1125
913 702 9214
565 104 271
621 237 6699
916 164 4366
571 926 7317
95 913 7195
862 358 2329
111 95 4552
557 768 7806
918 206 9556
943 961 6966
625 560 7621
155 523 1152
366 615 9063
500 160 4156
420 639 7566
77 586 5431
892 622 1778
340 771 8181
657 183 7952
404 662 131
15 164 4703
606 354 9561
264 463 2791
301 639 5233
410 384 1885
284 763 9875
33 269 4631
314 647 1307
249 330 3400
653 557 9200
741 587 3241
177 65 762
193 488 8808
356 296 3850
403 569 8254
388 553 6527
295 591 7712
497 133 2638
272 551 7172
442 746 7036
853 616 4410
845 161 8859
171 437 7732
389 874 2167
674 243 4708
500 229 5914
690 687 5743
913 885 4541
943 171 4280
265 583 7084
958 279 3753
939 865 9412
701 993 1913
462 580 4853
429 522 2752
423 552 7437
275 781 6060
776 849 2828
173 934 5140
264 399 934
832 837 422
154 579 9231
992 789 7686
998 969 3186
797 201 3873
317 635 4187
410 119 1842
341 526 9301
102 943 2278
758 800 5224
249 785 6118
609 839 2721
865 988 4392
75 861 7609
646 198 2171
988 630 1514
502 33 2873
954 475 8493
587 463 9335
238 83 9981
697 808 3576
599 328 5724
470 417 7777
260 309 6378
373 357 1005
869 213 7431
498 907 9603
326 898 7408
22 668 3015
284 259 1798
617 285 8422
996 649 8778
464 891 5998
896 658 8635
150 918 4876
799 130 6079
286 143 3050
888 25 3640
575 712 1271
10 103 3857
349 558 6034
302 388 4743
542 885 1476
728 512 8781
646 113 6451
997 156 7331
370 538 3572
825 778 7554
862 367 1676
290 943 724
981 551 6344
91 472 3756
757 464 4669
234 882 3990
599 852 8104
999 161 9384
323 285 5270
374 155 7358
182 315 8702
211 932 4336
315 444 8666
143 550 1376
121 399 8057
870 744 4559
559 366 5183
761 209 5861
943 740 3730
445 463 6193
434 56 8100
930 242 2150
364 746 9922
163 884 162
907 554 9246
665 502 9643
929 460 1983
415 522 3392
42 522 747
617 910 1420
943 493 5340
465 376 1282
585 359 649
387 734 9522
843 797 4706
922 915 8568
918 735 2709
852 808 9261
223 797 3558
505 266 5465
593 701 7522
922 676 6874
86 252 6247
743 741 392
476 340 6612
136 969 8041
844 614 3022
796 919 221
900 330 7600
776 488 1350
140 747 4830
232 657 1278
518 213 4054
82 815 9153
370 256 3452
608 893 7280
735 776 9189
53 32 6295
360 325 58
611 547 3310
620 257 1836
83 819 9351
776 313 9795
201 171 8990
532 219 6817
266 485 3914
648 723 1436
514 693 454
30 427 5367
89 84 7546
598 436 9737
341 483 632
298 733 5626
8 771 4187
370 416 4678
628 603 7826
391 626 221
850 861 5131
572 147 9504
888 978 8151
865 911 9803
986 818 7589
327 624 2021
371 34 6661
701 273 8220
55 351 6612
232 523 1651
51 130 1050
278 109 9425
785 623 8554
74 726 2909
708 209 9422
442 858 9375
133 172 4386
541 725 5375
975 514 3213
483 963 6415
469 451 7983
261 300 1150
226 499 8391
79 91 9925
343 738 9752
885 450 8993
641 980 2034
916 224 6439
507 575 5039
763 385 4329
364 609 227
795 394 2149
212 644 3539
114 780 5438
446 24 182
505 495 37
627 512 1985
600 886 2183
419 296 7823
774 207 1753
480 78 1903
733 701 3059
425 502 134
880 191 8684
980 746 8976
344 562 8206
226 59 7027
92 153 3334
153 62 7911
910 512 6486
781 906 608
662 684 6897
248 241 1138
541 324 4694
745 710 208
70 400 1614
407 257 3764
783 759 9148
669 961 6878
203 561 8689
780 807 9545
673 991 3034
331 366 4165
530 708 6067
961 7 5835
886 621 9511
827 362 7307
26 558 687
390 705 5287
486 18 2615
985 270 8412
258 887 516
273 831 1341
129 817 4642
788 27 3181
272 998 9657
693 562 5905
779 359 3301
834 124 1050
528 327 9212
427 101 9797
908 467 9108
486 135 2444
538 924 9879
422 233 4915
789 803 5877
674 402 127
412 204 5084
585 131 2101
277 864 2255
400 929 7302
913 724 6904
776 865 9817
491 306 6489
247 232 4193
345 5 4538
192 558 8030
206 108 7160
578 244 4248
719 867 2067
304 518 3827
681 857 2120
439 996 5327
377 361 755
324 956 3838
500 730 2374
733 46 927
628 695 1627
349 284 5186
58 289 2717
718 740 3614
981 962 6880
293 749 9421
606 614 4573
351 571 8759
637 190 8281
7 496 9405
182 542 4372
857 336 800
672 441 7663
32 660 8276
797 651 1112
682 543 5618
952 66 1033
255 686 3929
894 420 1089
609 858 4819
548 938 2961
627 634 372
648 26 8541
136 684 7992
219 592 2604
638 526 7275
762 302 3155
516 606 609
198 109 5575
349 71 9623
140 976 5089
269 476 788
656 115 5528
46 25 5975
692 70 9542
271 32 3898
578 151 7476
728 183 1242
962 198 376
681 4 1790
84 966 966
172 429 7147
150 501 4591
547 459 6630
804 286 6476
212 752 4136
516 164 7061
441 482 8532
960 709 2183
594 792 1187
351 911 7796
451 491 6508
564 185 10000
833 715 3643
421 348 4423
25 987 1873
737 719 7248
806 50 9628
275 151 371
296 252 4941
1 45 8621
656 208 9260
637 425 5139
582 113 7498
638 604 4918
218 521 494
874 379 4797
214 917 6045
424 814 2124
887 833 7585
99 222 8397
204 686 3505
917 36 5692
967 93 2236
787 43 209
506 431 374
882 73 3440
488 61 7693
388 386 9810
467 60 7472
191 276 2254
104 202 8603
667 348 7383
277 344 7370
88 710 4828
449 413 5743
278 211 7802
522 824 1368
290 594 6699
165 908 9147
490 215 8136
273 779 5272
843 739 9742
203 147 3660
453 116 8846
832 865 8196
43 897 9368
939 24 9655
349 142 6956
74 691 3739
795 409 8484
329 229 8148
336 714 1121
758 362 8644
10 279 1456
31 701 2590
143 596 3233
205 917 354
747 992 7622
451 371 2731
495 724 8729
769 569 3518
284 764 7744
954 861 3256
420 494 9488
414 143 9501
308 127 3593
791 576 7095
529 1 7817
463 495 3085
325 85 6218
599 493 1732
225 243 5624
991 599 3846
265 5 7147
643 471 4755
297 665 3753
525 168 6096
773 586 1299
594 374 7089
844 761 2246
641 754 2891
406 582 3488
995 397 4217
672 317 6891
221 324 4244
758 138 7005
542 437 7454
757 742 6351
256 995 1108
621 54 1838
643 429 3230
687 201 9271
925 484 8691
465 158 2282
321 807 7774
982 994 7723
541 658 146
616 347 3208
810 435 4405
365 798 1849
616 942 9436
454 997 2833
521 992 780
206 949 377
442 11 5418
539 806 3277
365 923 5294
807 912 2754
639 471 4496
45 575 7260
966 191 9604
858 925 1052
201 170 3023
537 110 2376
582 175 281
532 194 1833
981 165 8749
236 854 8323
339 175 8947
346 602 4767
192 173 5983
243 495 661
473 802 1877
272 290 6412
17 862 7976
222 420 9644
427 634 2127
344 253 9880
164 25 8015
862 923 7841
563 730 511
442 516 8379
956 172 1108
979 240 449
946 78 6530
94 167 4860
822 960 9805
731 220 4288
749 92 6688
662 780 9866
675 274 4951
969 217 2320
972 195 38
541 974 2110
659 46 4035
954 870 5400
357 266 5699
133 293 1258
491 875 8703
645 415 3749
903 801 9642
862 887 7341
551 408 6062
559 348 8934
153 543 3577
128 877 2485
317 921 1513
73 188 1750
458 330 7599
755 701 7477
223 273 718
137 802 6028
343 877 4237
919 212 5092
67 715 7942
61 934 497
268 56 9487
367 903 2231
954 85 8953
67 957 9426
619 901 3384
197 535 1321
377 193 3441
443 83 672
283 803 6614
416 601 285
533 673 6996
921 129 3105
814 716 2339
738 748 6244
808 534 3680
826 589 9325
484 212 3304
499 196 9683
359 26 9605
998 854 1598
71 599 2085
810 682 9576
587 636 734
52 261 2729
472 16 1862
794 331 9457
979 149 2793
586 787 6750
421 391 6042
526 125 9807
233 855 3582
621 784 7720
347 376 9524
141 753 3448
562 709 8964
729 754 9764
186 743 1088
813 306 9753
471 866 8377
876 286 1237
602 18 2797
723 47 7295
892 672 2271
383 348 9007
594 169 9798
294 894 9047
157 338 9199
523 537 4671
771 560 4520
982 600 2572
444 140 2281
564 555 3430
680 587 138
113 197 9715
197 751 6657
640 629 8785
133 422 2394
427 308 9860
595 101 7505
282 181 3268
777 229 7118
969 98 6216
453 515 1424
418 949 6706
969 545 8065
424 703 2675
209 476 4678
910 473 759
707 974 7945
697 638 5030
545 329 5291
255 812 3765
748 589 6984
629 153 3791
565 675 1687
694 57 3084
323 738 6331
214 376 7037
308 527 6432
401 827 5170
152 114 661
465 713 6938
895 359 8351
316 569 1968
210 984 4847
800 113 3966
829 349 648
799 792 1118
971 805 5709
189 327 9994
452 796 8924
233 336 996
914 907 638
260 766 4464
954 122 2474
336 544 3529
120 775 3478
849 792 6583
789 118 6041
7 376 9626
659 503 6107
730 853 2066
730 638 9842
528 260 8447
450 429 8631
312 173 1718
896 764 8304
400 701 9285
75 905 9574
276 14 600
272 910 2554
389 576 7302
821 855 3661
196 976 1216
187 152 759
423 200 4632
196 931 1082
34 478 3044
356 52 8101
380 381 6942
406 736 5825
368 589 6187
534 605 5876
320 319 604
274 702 166
389 313 2474
971 695 8334
246 492 575
64 277 7594
122 288 9178
695 603 1199
322 562 7085
504 207 469
368 637 6644
236 662 4825
400 344 7206
898 337 5514
122 928 2723
735 962 181
173 73 6961
527 808 4921
811 596 1876
408 636 8426
324 964 6376
613 789 4454
688 953 8132
997 982 2528
742 623 4683
326 406 9569
473 96 6500
821 152 2079
262 508 8237
964 561 2336
633 345 8732
817 345 584
589 749 378
341 686 9801
313 168 5661
552 466 2495
708 912 1747
701 459 9816
1000 813 2341
612 368 2858
252 362 5453
695 854 3007
508 47 8256
49 552 5282
753 157 8964
906 484 246
972 563 7506
91 376 8683
576 968 8374
622 920 8667
16 209 8276
800 899 3088
363 605 7767
324 267 9161
188 159 4128
534 633 1287
805 894 2680
250 259 7066
993 544 9774
150 702 5725
852 102 7053
137 341 6589
927 292 1686
872 4 5250
744 67 4157
114 175 2474
847 130 5364
138 28 2679
565 740 4163
836 373 9861
797 197 9814
145 409 3422
813 912 5482
180 759 2595
539 220 8715
115 772 2799
208 147 9428
878 332 9697
409 231 2562
239 928 9449
929 535 3262
378 701 8396
228 518 7982
491 24 5280
198 652 2420
279 989 6386
466 808 7986
368 40 6209
828 363 2493
747 435 9234
63 216 6114
552 19 3784
89 134 7711
502 730 9583
231 457 6354
330 456 456
880 37 2864
183 592 5884
996 50 9220
887 594 6408
336 622 9132
442 975 7811
713 923 7298
23 895 2763
384 952 2393
430 132 1394
835 397 4756
872 207 8195
602 305 3405
273 463 4593
990 238 403
903 909 5389
738 375 754
994 851 1355
250 775 1452
319 562 9278
672 380 1358
787 926 5464
486 245 1894
957 594 6971
364 900 7660
471 400 5380
331 158 2864
401 722 5774
440 246 3336
749 535 4013
445 16 8187
842 983 3006
421 319 742
992 595 668
57 487 100
414 998 4435
451 619 2434
866 835 1788
59 706 7310
181 871 2820
833 860 3439
932 844 7087
83 699 4932
692 888 7217
784 712 1333
26 306 905
829 851 6380
695 352 2416
453 211 276
522 104 3998
344 498 8369
470 790 4473
128 561 2360
790 645 2825
202 496 3193
194 933 6988
715 755 136
418 472 7082
715 905 8334
283 34 5029
648 143 5038
206 823 9993
521 613 7544
718 22 311
807 236 4329
397 937 2773
9 963 3663
781 456 2758
181 359 1419
800 226 7798
330 660 1051
517 93 4339
684 714 8760
693 218 8880
421 896 3277
621 202 5028
579 416 5028
194 329 4866
983 560 9511
61 131 1634
967 675 374
470 213 6321
731 489 9385
435 859 8718
569 640 4527
527 924 9640
381 642 5094
226 240 5148
167 584 6678
445 479 510
605 151 3036
110 152 8361
290 63 2219
268 151 5183
429 950 1433
3 910 9261
209 89 8378
299 596 7649
577 269 7538
261 125 9641
890 469 3587
382 747 8133
547 116 8414
209 150 6664
934 575 4168
232 872 9781
246 811 6172
890 16 9238
229 281 7697
401 864 3265
460 780 8994
734 682 3484
310 298 2403
678 383 2232
104 305 6817
729 128 3657
775 537 3666
955 629 8665
13 691 2889
513 232 1368
367 254 5144
837 699 6096
225 838 8966
193 451 4120
550 36 7761
173 37 3918
175 94 2105
139 114 4801
360 935 1927
586 324 337
143 378 590
746 916 573
671 237 9004
259 844 176
460 761 6663
771 779 1638
322 767 7034
535 906 215
730 782 2126
712 905 3019
221 966 2718
444 261 1339
888 479 2161
427 25 8000
187 64 6782
922 730 5983
292 574 3983
654 727 1237
145 603 3014
457 233 9630
156 546 3717
902 292 9174
418 20 8332
940 967 9141
935 222 5746
951 416 75
650 935 5294
853 688 6445
773 846 4893
372 418 1735
926 8 1703
753 557 1679
551 701 203
432 882 6756
459 733 6286
590 248 5065
860 44 7204
933 244 4668
28 858 5465
831 521 3015
343 860 992
359 178 2207
229 589 1078
512 350 389
115 696 5062
461 342 7906
329 196 7312
703 946 7275
382 576 9709
863 498 3753
389 858 8226
274 873 4312
806 122 6510
565 245 8389
443 223 7566
162 40 949
753 930 1737
105 620 532
321 598 2950
57 765 8869
864 467 1045
269 902 586
612 92 1323
195 335 4036
922 528 9586
94 616 973
937 850 7839
656 209 5802
167 73 6670
665 366 9443
795 612 4866
337 742 4444
312 783 3517
411 178 9247
539 300 7495
100 766 8232
799 376 2404
208 981 6772
340 321 922
86 403 223
137 261 569
172 141 986
156 209 8823
155 49 6850
747 276 3760
519 83 9561
611 131 4616
909 512 5435
278 21 1321
18 797 7797
111 731 944
838 763 9513
225 430 1024
225 153 4097
106 453 704
813 659 3192
76 645 8428
864 556 1589
972 820 5664
919 863 4162
589 413 3296
163 313 1693
251 951 4014
288 968 9599
179 186 6746
384 974 7958
904 539 5834
94 830 9603
172 191 3800
758 224 2233
370 352 2024
415 662 8175
824 423 8694
973 473 736
216 384 7954
2 816 6649
962 260 1475
214 564 995
908 289 7644
617 548 7537
81 263 5182
453 723 2164
462 958 7338
184 546 4574
613 382 7446
495 532 640
49 603 8175
382 525 189
475 3 9998
982 336 4278
718 443 8496
209 401 8917
880 962 2750
535 636 1931
240 786 6875
768 343 4263
515 368 9203
837 564 8797
40 703 206
738 610 903
48 177 8637
580 20 6055
59 753 7453
276 501 9471
114 556 2538
403 526 1225
13 954 2789
996 589 5856
105 143 1703
562 95 2296
709 152 9710
600 825 8743
205 845 7260
391 760 1334
70 825 5732
576 396 5774
317 385 1991
421 163 5060
127 675 8001
375 215 9259
632 948 2454
855 68 3353
556 606 2452
550 382 2607
761 786 1906
674 446 1474
98 587 9873
383 91 5200
731 194 3089
713 993 7053
920 38 3300
337 577 1669
384 9 8626
737 658 6353
5 194 5262
844 244 9860
427 922 4627
552 903 4815
459 44 1504
367 32 8829
70 28 4159
963 851 700
552 616 451
615 606 4134
413 598 6125
406 478 902
787 941 9624
892 237 4496
567 386 4683
359 792 1596
22 420 6012
597 358 7544
133 83 3946
411 679 6366
462 570 7367
414 356 4821
842 864 5813
497 72 1143
638 871 8110
31 791 5814
722 761 4887
900 579 1065
718 940 8855
988 645 6585
701 440 5501
615 500 4184
873 711 6261
871 553 5502
471 109 4826
799 482 7792
472 857 9220
38 483 4438
685 784 7417
636 508 5214
765 507 9880
386 115 9607
978 295 927
867 187 3649
16 360 9403
547 557 2426
164 488 9662
652 756 4232
333 234 3597
616 361 2594
705 834 7054
537 961 3939
606 770 9514
671 183 301
413 304 8489
310 905 103
772 196 6250
923 95 7198
682 415 979
277 350 8714
890 139 65
812 77 1211
802 559 7763
241 953 3164
740 58 4189
585 460 2727
70 211 445
440 700 4139
1000 646 9408
921 973 5104
557 788 7888
240 898 5313
425 355 7390
797 546 9610
972 216 3606
158 447 9587
138 291 1592
856 495 6196
869 735 602
946 189 5398
131 609 7149
477 309 8622
724 402 5325
339 192 988
258 239 2908
316 239 7551
616 277 2155
702 325 6567
104 404 193
482 599 7151
245 168 7418
812 287 5380
186 883 2260
982 697 6417
149 907 5678
336 610 2437
769 137 4275
329 137 8591
609 164 3260
343 867 9075
81 229 347
722 294 5374
449 451 1593
870 733 693
393 365 602
226 50 4373
56 332 5434
774 293 7776
987 732 3793
10 589 7027
266 535 3971
124 649 8216
678 958 6575
754 251 8961
628 15 7123
775 250 1066
899 962 8116
615 515 6465
343 197 8282
310 667 9093
76 584 6053
539 812 3208
305 241 3799
210 809 4817
887 190 442
909 986 3908
841 121 1734
325 473 8149
849 549 7472
963 244 9199
119 507 7911
471 753 9898
540 219 7704
509 993 5977
806 357 5996
514 650 5622
19 652 7746
169 346 4347
67 823 2297
206 901 7765
78 984 7576
357 426 4772
710 390 6097
420 620 5694
741 408 8157
132 430 92
626 576 8272
143 499 7113
724 592 466
51 824 590
404 947 193
666 576 738
69 458 2648
253 275 3806
129 354 4538
219 794 3187
609 474 3292
591 84 6197
245 959 3437
933 721 5469
917 794 9293
902 724 5688
55 751 28
309 102 6538
845 322 209
36 932 7203
461 549 8668
715 211 3404
650 620 8097
294 609 6919
736 357 2336
169 824 7667
888 295 8222
615 854 6436
477 661 865
343 845 8200
449 66 8020
157 933 1025
111 604 5464
340 47 3194
364 674 4755
960 113 8728
816 264 1569
859 333 182
929 694 6757
930 417 2771
12 51 7273
556 266 1118
343 730 5726
322 988 165
962 894 3621
115 736 1392
372 807 5906
622 40 4441
186 371 1262
822 603 2989
720 25 1293
959 593 3483
909 145 7713
931 609 5132
917 151 681
50 75 4166
970 841 4731
926 349 4044
236 791 532
889 323 8222
165 90 4248
903 101 4236
973 389 8623
403 864 4418
607 68 8196
596 457 9371
840 262 8118
288 705 2505
27 434 2130
848 28 2144
365 340 3244
345 449 2281
714 907 3595
941 752 1283
470 297 8920
258 100 425
446 714 9448
363 233 6481
277 401 3272
893 935 263
513 141 5609
557 889 9059
494 600 7139
2 857 3000
10 616 9719
419 857 6055
250 329 4382
973 291 5347
470 306 841
574 49 1117
920 150 6786
316 651 8045
163 894 8227
502 919 7869
348 468 3925
283 998 4504
78 864 9636
755 474 2214
466 156 7509
404 857 5382
646 941 8597
92 888 4466
561 929 6515
643 166 2502
787 16 7374
794 926 1497
739 804 248
834 707 4508
499 606 6021
303 65 5033
682 33 6424
512 112 377
308 258 5507
270 72 7821
929 961 9797
907 8 9372
948 725 3577
963 73 479
826 769 1237
892 545 8802
412 758 352
704 103 9440
198 189 1641
43 29 7405
310 526 7883
74 33 3018
246 483 1877
823 321 930
274 27 9308
853 450 2713
494 702 2651
204 635 6336
579 466 4834
520 890 764
988 588 1745
431 463 7888
132 639 3436
12 896 3174
971 688 7832
861 298 7354
437 423 9208
732 525 5251
725 715 598
445 536 3048
573 809 3058
206 322 4768
348 47 4455
441 904 9409
654 875 1512
644 410 6872
212 286 9622
773 288 6532
511 166 2543
92 894 9484
426 656 564
667 526 8248
220 151 9116
851 664 2158
564 150 7397
301 51 1519
24 407 1264
600 86 1439
756 690 3869
735 49 1778
529 169 2251
725 560 621
855 891 9141
181 230 7705
170 703 9863
193 836 202
143 755 4787
342 973 9148
435 995 1928
581 160 199
460 680 9338
407 824 6492
925 212 8512
828 641 1541
838 203 5117
873 523 810
874 80 1943
297 918 7908
504 808 154
357 41 4185
79 165 854
216 285 9731
194 425 3199
134 777 9446
401 79 8929
769 64 5458
609 335 1452
440 310 8730
766 102 3657
595 660 5834
798 431 9034
187 245 1489
902 1000 7375
58 471 9635
568 553 5088
836 352 5773
797 207 176
354 394 3137
76 459 4001
188 746 3458
530 661 2271
249 717 188
319 716 2478
287 866 7227
92 869 7304
193 385 3040
38 507 4076
100 988 7212
174 248 2276
744 253 7243
851 912 4218
930 261 9503
350 164 5686
929 684 4604
465 770 8709
515 488 9893
46 449 3909
612 965 7870
903 615 5251
391 692 4365
529 441 3114
532 539 167
722 756 2562
366 399 7909
709 87 9786
968 285 200
255 791 3050
175 27 1183
600 175 4112
470 599 8337
792 128 9019
173 730 5766
232 842 6655
521 83 8154
107 461 5637
944 956 125
89 757 7241
990 943 8012
369 992 945
917 4 3920
677 584 241
398 348 34
463 334 6275
258 783 7782
978 478 6359
905 243 4368
710 199 4048
694 532 293
560 786 58
113 820 6569
510 2 5066
602 546 2188
164 949 1959
207 905 4678
443 277 3560
199 640 5892
140 973 3743
148 752 9570
923 828 4161
799 307 2349
672 673 6132
472 127 3704
168 579 6959
873 834 448
857 949 8761
321 245 8058
529 702 2409
813 304 1274
172 243 7193
778 292 4504
885 510 9887
779 711 4900
637 870 3224
677 509 7142
389 839 1449
227 632 9443
897 186 9031
65 747 9941
765 446 9260
981 406 303
588 591 9419
725 24 2709
368 955 6802
378 6 2801
387 83 5355
164 714 6227
301 688 2359
306 832 1871
73 303 5649
393 881 7368
744 76 4999
477 498 6207
814 761 4427
281 174 3780
849 526 1316
564 680 8299
374 28 6208
746 215 8853
584 72 1917
577 492 5771
565 127 6433
160 108 7673
263 883 3792
580 110 7256
16 364 4693
74 273 2892
392 661 592
344 414 3878
930 218 239
585 214 4097
893 200 9010
178 954 5083
86 898 3547
791 641 2680
13 313 6365
301 177 8746
668 877 9935
838 760 9721
110 285 9442
412 138 5466
972 191 3736
821 43 2819
34 161 8530
446 305 4231
888 497 1917
25 30 9125
969 637 9441
904 201 3038
220 745 431
206 125 4183
455 544 9823
803 390 7675
272 369 6555
584 353 4417
67 672 6843
391 376 6291
830 373 1696
72 784 6047
583 78 1082
61 198 7342
833 746 135
591 189 4404
82 773 4830
668 743 4423
552 193 5641
805 910 474
775 586 1716
840 704 5632
729 204 8024
712 687 3380
952 775 2166
542 206 5659
969 160 7591
31 293 833
191 818 5347
387 953 1880
951 437 5129
395 373 2565
795 389 4260
460 865 5529
405 273 4846
14 378 2823
551 14 7098
639 47 7575
227 439 4742
729 52 3443
470 930 5971
868 352 5074
163 148 4861
591 800 7441
694 371 2942
543 684 5562
89 910 3013
26 896 3740
278 808 4829
711 899 6487
176 485 6779
155 465 6824
732 181 8857
70 547 7699
24 253 6812
346 449 441
163 440 3717
280 407 9737
647 524 8495
652 740 9664
574 794 1308
58 376 8898
330 870 6711
782 734 5193
118 805 1027
943 424 2489
938 940 976
377 637 2895
156 387 2956
209 467 9655
210 815 9469
510 592 5257
300 713 3088
342 451 2127
919 497 8840
637 194 3964
458 52 4431
591 684 7919
430 811 7169
618 346 5368
118 647 791
284 994 4367
595 886 1086
618 946 4030
517 566 444
334 687 1253
857 105 4909
986 812 132
518 171 2951
82 189 8256
107 339 6195
232 726 5190
735 51 4150
47 529 9767
781 972 1753
688 67 4338
750 404 3915
140 609 133
511 192 7108
120 853 1675
195 568 8145
837 325 6113
754 572 6138
628 406 7632
868 208 9170
844 871 4882
671 653 3244
263 492 2843
622 146 2521
84 519 8452
997 496 9440
619 489 7002
320 675 4117
594 255 3430
903 907 7624
829 596 6284
282 817 9044
478 124 1703
21 168 8941
681 922 9330
107 215 5391
217 454 416
787 145 1931
450 885 499
496 260 4247
988 283 8795
344 672 1998
340 80 362
646 552 757
96 120 5964
72 481 5962
360 569 4838
67 133 5548
623 647 4573
394 450 3310
640 799 5328
993 950 7146
451 606 2051
216 34 6940
325 272 7644
118 499 1705
170 265 6099
312 678 1968
802 98 6486
253 464 8876
73 947 8328
490 453 9195
152 764 377
54 385 1663
79 658 9372
790 727 333
90 380 2927
25 338 6322
254 225 6845
931 279 5612
402 20 957
910 900 7940
867 242 3616
724 959 1064
128 426 1696
139 916 6202
722 451 3082
992 346 2934
24 21 120
787 953 6747
503 237 5751
917 108 4825
162 773 9129
359 845 9292
426 595 6709
648 800 9503
811 558 3340
750 477 8062
378 678 4162
936 610 7658
674 233 9129
895 599 3151
65 32 2452
376 698 7072
883 13 7957
172 548 5637
415 495 2090
71 369 312
76 157 2719
166 907 2112
420 403 7386
398 969 3049
241 182 917
654 30 7909
395 827 8663
6 107 8039
166 594 5283
2 856 5921
283 452 2692
768 7 2818
887 822 6978
907 35 8695
515 824 176
785 115 3687
755 427 1761
295 141 4594
313 686 6122
367 524 8504
169 909 7001
253 104 5634
31 279 9684
119 510 4120
9 848 244
971 523 5027
430 968 7830
120 378 1952
199 128 3263
42 572 3049
283 908 966
62 951 4742
956 765 3995
144 463 5979
878 294 8179
993 911 3476
192 498 4128
414 866 9493
879 385 8855
520 694 5020
900 618 5019
112 40 2673
447 685 723
389 195 3729
800 367 7519
393 276 8395
146 182 4806
315 927 2536
873 176 3004
815 958 6723
134 682 2879
478 73 1167
100 211 7573
182 697 8353
916 205 7669
379 847 4389
167 158 6204
841 707 6012
164 913 8911
989 481 2974
12 405 415
891 554 6050
329 131 3587
244 593 7739
342 987 6546
31 702 8894
564 353 136
875 361 5759
922 135 9080
588 222 7677
82 266 8934
769 661 5960
278 231 8573
271 444 107
702 617 6745
756 665 5551
936 373 4009
333 540 4576
923 105 2445
917 593 4062
135 263 2333
839 356 8901
912 6 745
66 589 2312
376 720 2370
162 654 2216
15 955 5929
706 84 5895
122 932 4073
542 978 3175
970 16 5952
888 166 3712
836 556 208
333 294 2287
950 265 6812
613 764 3770
856 663 8673
35 446 533
57 385 6402
835 213 7185
535 292 7907
908 101 8027
715 1 280
386 46 2508
977 341 523
88 556 896
95 47 3238
607 858 3335
302 298 1056
338 608 3599
900 969 1905
605 884 6753
585 428 8847
151 722 6686
847 982 8308
361 439 6836
629 279 5251
435 138 3299
711 860 4453
811 54 351
903 662 2093
956 891 8834
390 289 9385
613 858 5272
164 713 4015
787 275 5714
929 958 6430
152 416 2187
150 995 291
864 269 945
531 701 8479
470 617 5050
915 692 6768
565 846 7753
643 527 7461
160 115 6117
927 116 9786
620 555 6640
741 256 4925
499 13 4454
204 654 9224
114 882 1036
740 504 3371
647 683 5495
944 382 6305
322 16 2221
574 870 623
614 482 7968
538 690 5566
433 36 9370
73 983 899
226 51 8747
709 351 576
389 603 9657
653 944 5996
592 84 9909
782 420 9684
720 677 8168
259 271 9302
933 411 3476
372 940 6122
242 437 2304
296 366 464
829 235 3780
973 842 5568
585 31 6653
171 58 1776
282 527 7917
672 216 7701
625 189 5041
827 68 2779
297 465 151
358 391 2646
987 574 8780
708 642 5690
645 517 70
759 444 810
454 112 2356
796 205 6690
600 567 4299
796 129 3185
726 876 6728
95 512 7214
889 569 7288
349 186 2874
895 347 8979
653 749 4731
933 729 2960
83 644 5466
384 352 7075
239 577 820
324 718 2551
588 988 4265
969 53 5644
626 949 1465
357 62 363
298 822 7997
951 536 833
886 300 962
317 823 6027
277 272 3696
351 654 7640
642 685 6686
997 896 7760
809 894 2043
523 535 8201
895 231 7262
139 755 1276
790 894 5133
567 313 1612
186 110 4209
239 524 7187
935 498 1175
622 525 695
117 438 1887
458 639 9684
513 448 3502
959 57 3662
389 602 2971
906 319 6087
930 423 5099
692 562 8771
868 110 3919
818 779 3931
877 9 3495
831 736 4879
682 607 6245
759 401 113
496 503 1631
165 270 6156
371 304 6243
116 766 2381
794 731 9274
347 463 8
420 736 4242
697 618 9282
584 181 9658
688 709 6963
404 581 6861
32 565 2865
46 398 1633
306 278 1151
550 464 9688
569 72 3537
841 91 2444
987 299 708
771 677 5183
843 839 8945
945 329 3911
986 273 6355
400 485 5133
369 700 6652
608 106 1722
361 757 372
534 604 9146
122 390 1465
931 92 7866
806 283 4649
488 414 9108
884 112 2600
722 449 4922
406 230 8056
995 288 5274
55 252 839
221 197 3765
252 440 3731
927 466 817
116 366 1618
456 141 7383
478 395 6883
974 415 1179
41 732 1395
426 490 8013
700 456 6322
497 485 5985
272 963 8610
710 206 2543
853 944 1359
531 792 3688
588 655 182
349 784 166
885 502 4279
822 12 6458
962 481 3037
201 683 348
267 576 2155
196 208 3337
688 115 3140
594 792 1229
639 768 1628
743 324 9776
436 990 5922
197 742 4108
410 857 2531
555 759 5628
898 755 6363
432 854 7382
433 827 6118
352 338 7990
304 639 8504
685 211 5632
637 847 7118
799 441 8984
469 340 4812
790 456 2176
536 769 2306
877 990 2127
524 271 846
178 366 5155
938 723 9847
70 193 8339
213 666 7320
454 674 2543
766 294 3480
330 545 1639
702 127 6124
881 196 3628
194 837 2251
106 718 3883
108 437 13
495 201 6594
521 38 8923
42 908 8030
653 207 1193
478 788 7782
37 659 4683
223 992 4249
149 955 8340
870 602 8051
521 834 5807
13 584 5214
480 502 9418
13 178 9313
461 703 655
27 72 7456
138 642 3110
523 776 9804
232 292 3093
964 822 4915
631 930 9472
426 991 4170
716 561 6757
945 586 2584
224 662 8506
273 1 6004
616 112 6041
134 775 8779
713 525 6889
988 704 1514
644 660 3147
528 899 499
156 857 6417
716 331 7604
46 978 8520
25 162 5706
445 621 2755
757 70 982
297 467 1903
376 269 9323
345 300 2478
403 326 7434
334 688 8047
948 230 3275
538 252 7822
296 793 8823
91 261 5134
754 919 6314
635 186 3568
534 150 5610
60 95 3902
315 58 6114
979 746 4163
705 146 6975
729 517 8512
316 255 69
590 690 6300
34 305 825
273 640 6837
214 798 4757
757 7 8942
580 32 5058
112 773 9490
69 930 446
571 827 9343
418 689 9200
610 751 7226
726 215 4905
679 453 7446
602 871 5607
333 374 5332
780 139 8762
835 795 3756
934 393 6343
339 594 8136
221 386 7860
309 534 339
545 5 9361
774 838 8649
85 170 3025
665 606 1552
827 315 8798
924 154 5079
314 192 7138
464 138 6753
206 393 3896
910 764 5503
614 262 7341
939 828 6978
77 472 1328
338 518 3802
993 247 8164
55 63 6474
22 27 8877
629 999 8576
886 130 627
862 812 5781
881 803 3283
46 16 7165
19 779 857
114 812 9388
401 843 3241
987 537 9931
940 164 3137
467 61 104
263 488 7611
692 491 4337
952 521 8550
73 464 4541
523 108 1629
452 631 7606
141 74 5464
447 296 6989
152 397 9424
908 361 8656
491 994 4710
604 40 2171
965 724 3103
275 807 3783
262 244 7142
766 41 8545
39 727 9533
12 371 5496
365 126 8779
165 720 7954
228 439 6113
391 24 2616
373 581 2179
221 861 5662
413 963 4215
761 187 138
994 154 4973
337 543 2784
171 279 8427
756 57 5317
816 12 448
877 142 4889
560 412 6299
545 226 1684
157 93 2995
951 818 161
529 355 4769
188 369 4202
774 654 7534
426 729 5516
806 242 3930
639 330 6094
627 681 5145
361 473 5383
708 200 8602
960 752 7204
523 377 7633
54 921 3174
32 149 6627
342 416 3215
120 633 8856
795 317 9383
194 607 9125
570 761 2637
953 483 4736
158 780 8577
934 411 9257
618 712 3701
349 631 8178
533 976 8244
40 436 2482
800 241 697
74 803 1918
282 237 8512
225 8 2186
649 415 8920
391 543 1499
881 217 7621
79 75 4254
137 863 2661
536 445 9190
951 82 8944
332 997 3675
505 253 5813
709 338 4571
705 509 1403
786 992 4068
65 238 880
695 649 1785
451 347 6417
254 53 6766
314 831 133
650 605 4670
173 269 3006
292 348 3213
693 619 383
998 720 7297
599 87 6119
688 829 6442
186 724 6266
303 726 8369
471 75 1222
904 927 7418
551 339 4123
854 810 2277
740 612 7623
533 461 7123
788 918 1354
352 944 2343
194 69 516
635 593 379
282 209 1992
461 100 4822
986 265 6357
845 489 9494
615 228 4517
329 924 7940
334 33 174
200 359 5867
818 990 6302
878 603 45
764 923 2304
56 847 9827
377 115 9208
769 218 5973
491 340 5910
641 172 4205
613 47 5538
913 247 4441
322 830 7185
293 198 6419
559 616 112
557 204 1730
197 520 5607
67 293 1709
777 64 9128
557 410 705
514 751 1474
394 809 1748
735 403 4950
639 925 743
419 529 8869
393 283 9389
246 688 901
179 754 9232
48 406 3367
359 750 4277
19 6 7022
650 752 7386
760 775 8641
113 197 7197
7 561 7194
991 479 6095
413 579 7636
198 160 6189
218 370 7237
493 525 1719
737 118 6531
516 654 4479
376 225 5240
526 938 8660
679 795 8054
431 504 8945
226 870 9179
977 404 4068
999 876 4603
34 474 7352
772 731 7128
990 178 3201
636 676 4736
474 37 1071
994 859 8819
38 375 6059
739 236 7212
312 738 9469
424 742 9728
166 309 2984
682 613 2606
826 425 3538
365 775 6450
576 836 2132
275 41 6764
976 978 1264
725 531 5619
386 373 6546
171 224 3876
540 779 6377
104 105 2146
645 475 731
975 195 8434
401 657 5476
414 244 9302
456 747 225
601 369 1583
584 503 7875
84 418 3637
596 687 4265
336 979 6909
49 859 6442
339 747 593
863 348 9308
289 883 763
590 116 5475
894 593 1281
62 908 9675
828 110 2530
469 640 9809
304 305 2462
300 658 8150
204 326 81
814 27 2398
157 67 8879
330 722 1035
878 482 2256
600 925 6343
389 692 1338
96 348 9242
103 298 8994
438 570 3670
29 280 854
928 118 1656
588 322 186
560 768 3545
403 702 810
117 603 6782
154 979 9366
633 108 9163
188 560 208
460 842 4658
286 210 8976
650 641 6610
250 501 5174
964 324 8586
472 835 2262
205 9 4617
726 271 2503
616 510 5099
80 465 3865
54 987 2046
723 121 5383
353 721 9969
428 629 5736
618 847 3688
21 493 2457
16 666 5431
111 13 6540
580 309 3810
862 759 3319
662 279 3191
209 390 8336
706 875 4426
62 548 2217
333 146 9055
213 701 7923
338 287 4087
54 633 6904
297 108 517
558 827 5969
923 804 4877
94 413 817
1000 599 618
73 259 3880
700 782 1237
359 692 2292
760 569 5100
398 159 4239
740 813 9295
228 697 6606
433 633 7995
519 37 9094
135 563 6955
214 679 7851
473 43 9758
337 213 1858
17 467 6075
48 18 1060
681 647 3845
405 886 76
977 26 9531
573 572 9200
931 289 7363
4 191 4430
259 100 321
371 824 2808
963 755 1149
50 263 554
283 637 1752
23 957 7205
407 533 1950
948 88 1312
308 41 9545
376 793 5723
50 179 9475
893 38 972
890 92 2458
92 348 8582
206 624 4129
827 148 5839
37 149 5435
803 26 4451
723 626 2465
793 179 2322
232 424 8721
782 768 6657
681 722 8874
134 46 2735
199 965 4620
537 608 3183
769 44 6103
260 766 1037
501 893 3047
621 164 109
45 585 2675
245 779 9613
856 773 4736
191 814 1399
790 871 8773
281 602 6914
822 384 3755
737 359 4937
880 694 4645
910 812 57
146 580 9015
817 393 58
949 792 5178
380 622 1343
687 773 9827
669 875 37
915 17 548
729 768 9608
520 25 5406
858 115 69
793 512 6015
790 650 6408
885 734 9333
511 480 7424
224 569 7611
981 861 2107
303 429 5735
27 771 8692
184 328 457
868 31 8441
565 282 5842
732 552 8822
171 771 2058
950 682 2609
533 558 9460
342 317 6766
353 850 9106
214 158 6316
492 566 8579
950 540 134
833 549 5000
633 266 9089
144 666 4170
210 879 5784
122 803 9027
594 19 7641
745 657 5625
671 550 8253
619 596 946
629 985 9802
587 959 3391
226 265 1985
295 472 3536
281 991 8390
759 567 8307
989 74 9984
550 566 7781
48 668 5482
712 902 9408
406 368 1951
588 351 8720
513 30 7876
356 970 7273
928 263 7713
404 943 1360
608 505 7846
436 344 4530
332 867 5887
491 975 1887
275 970 6196
128 268 2718
605 353 6799
602 34 558
951 117 8657
264 32 5722
131 150 4180
259 589 4563
554 732 9965
106 10 9129
371 231 1268
720 276 5159
213 515 6501
170 930 9003
522 546 2052
840 496 5607
957 130 2765
979 875 1878
49 257 9371
302 872 1059
523 83 8045
335 498 8524
764 366 3017
653 602 3533
691 151 4970
928 728 5025
105 890 775
620 862 8079
234 144 2459
596 713 947
912 654 7776
730 118 6216
474 856 7196
791 849 2761
248 107 4177
29 316 4295
630 842 4675
182 185 5645
789 984 593
80 691 4183
338 524 9773
366 330 9575
392 293 5018
295 126 5161
141 221 7757
771 881 3076
6 560 6830
790 114 2448
779 19 4641
45 140 9788
598 120 3406
748 539 3742
561 128 6381
330 323 3234
981 613 7066
296 273 9376
789 852 7014
414 536 3839
426 896 4373
637 974 5417
888 544 5385
853 691 8464
216 34 5061
943 248 4945
782 857 7647
149 448 8221
58 871 2709
870 358 8865
902 842 3989
747 412 5798
333 466 7800
573 69 3592
700 414 648
141 31 3654
176 873 8524
467 418 2334
905 613 8115
433 563 2971
813 414 2130
115 117 5513
325 706 1216
838 88 7362
245 933 9027
238 765 9648
133 73 3518
752 111 745
792 752 99
373 588 1710
900 493 8963
650 48 2587
639 140 1115
284 257 9256
966 996 864
917 725 8206
358 478 2930
367 220 1458
643 976 3551
372 282 5211
460 339 5890
297 576 2329
14 353 6815
690 259 3503
434 31 6110
267 678 7222
373 149 4954
841 592 8711
457 237 6759
828 203 244
375 21 3273
6 991 9254
790 603 5941
346 85 7251
395 605 7976
58 582 8023
361 378 4169
829 574 8134
304 364 7871
63 647 3250
318 156 8393
175 417 2139
831 677 8258
669 127 5296
125 634 2038
719 111 1870
689 780 3303
450 516 8692
510 333 7710
783 527 4548
806 300 6939
651 187 6781
225 829 7515
593 235 1573
796 975 8163
608 661 765
416 460 5792
283 994 4326
268 570 4739
302 427 7047
412 759 8476
653 769 3104
393 941 232
708 669 7600
88 631 9010
639 142 8201
939 578 2027
334 740 1584
920 701 4150
159 205 2446
821 115 1446
501 688 9108
736 81 3912
71 795 7897
206 486 7200
667 685 8098
584 520 7255
366 141 3979
398 252 2346
72 289 5662
737 680 5274
714 557 4034
649 173 4192
226 844 803
844 536 3144
25 44 1282
284 945 3001
536 963 5200
967 981 2508
936 513 2583
618 906 8737
476 366 1291
150 497 9152
22 563 1463
427 991 8611
16 975 4385
655 369 5033
447 973 8915
716 343 1994
141 507 8520
697 692 4507
691 615 5512
545 667 3363
785 541 6422
703 190 7031
19 77 2688
196 374 7915
483 651 8550
34 773 86
771 777 9966
908 235 2535
801 738 1212
621 715 3610
896 934 226
117 218 6551
224 977 8492
564 244 1038
732 928 8987
980 136 5386
475 750 7903
475 344 7515
141 140 1810
57 547 2416
460 824 4397
881 863 9621
601 303 4544
5 110 720
688 437 2354
531 104 2883
181 427 4528
746 316 8687
124 981 4674
977 500 8695
501 295 6559
275 508 4144
635 302 8507
50 404 6192
190 636 6259
359 733 5341
375 838 3735
288 147 7422
786 954 5986
897 16 5546
361 120 2373
874 951 7564
908 429 6270
852 870 8297
873 500 1804
602 826 261
321 493 1637
814 325 3806
194 915 8407
1 183 6253
949 835 2798
255 834 2349
940 924 1938
575 498 4159
538 966 156
585 23 423
174 585 4906
772 560 1670
475 653 5394
392 992 1924
639 911 7184
858 635 6971
232 60 3239
363 610 4115
252 192 1168
106 568 3107
354 29 9398
35 724 1142
599 44 8309
118 42 2537
765 911 9912
554 863 7556
360 150 3480
716 51 9979
710 242 5568
216 445 4647
429 689 9901
548 976 2815
485 360 8151
301 447 3577
920 256 1641
68 981 2954
391 352 1267
671 663 1504
855 907 9225
592 466 5245
183 969 4630
661 400 278
877 865 9298
535 361 3842
3 231 8264
350 215 2074
314 96 693
673 867 182
858 31 2370
770 259 1136
32 943 5512
31 350 8090
134 376 9740
473 140 1854
882 438 2430
466 440 915
728 2 9449
294 561 5464
660 174 819
702 487 9678
211 704 8527
582 664 4247
272 296 1720
13 281 9192
161 207 611
541 321 8216
585 779 3690
851 507 4511
883 24 4679
71 163 5852
795 473 4722
411 219 7862
431 964 281
205 363 2680
663 199 6641
287 980 9549
221 90 627
829 919 5835
873 586 251
927 681 8648
285 307 53
752 49 7351
702 796 1950
39 722 9446
798 590 1195
828 764 5784
212 878 7284
626 239 758
910 156 3680
56 861 1144
162 224 7583
760 136 1380
4 682 2175
784 204 8185
801 254 4152
463 210 1782
631 31 6059
177 935 1689
507 962 326
58 625 9112
516 685 5578
860 961 9172
440 291 9293
829 228 3353
926 765 6236
199 77 3395
251 592 4030
607 228 4361
421 613 7187
353 11 8497
848 784 2499
158 871 7549
156 693 3017
125 192 5335
9 801 8372
332 957 3861
910 594 4872
434 528 142
289 337 4782
821 412 2380
300 991 364
178 461 4763
313 407 6728
780 472 8713
459 474 1441
841 236 2198
486 111 5620
460 875 3005
432 795 5243
827 773 4278
173 694 4615
885 711 6869
922 484 998
539 278 3245
571 9 3321
304 3 1541
739 359 6279
714 586 8140
950 32 1836
842 516 9540
909 794 5684
457 864 373
776 636 3655
364 575 9135
643 422 3024
752 906 6269
47 839 2112
650 256 5712
908 853 7330
177 125 4315
592 476 8824
726 162 679
424 544 2962
707 841 6384
156 121 4186
391 958 8299
85 382 2362
481 554 6838
464 144 7601
786 771 3970
357 735 652
785 985 6585
60 602 5315
856 183 6431
898 695 2583
573 436 1503
969 6 3792
983 601 5600
482 189 7755
41 351 6013
617 943 9214
71 355 1705
335 121 5970
322 366 6
427 194 2360
909 462 752
262 182 3368
197 686 8872
536 119 8323
973 197 3273
483 545 9866
717 964 9137
544 76 7478
951 510 571
977 71 9275
418 288 6454
315 241 7029
366 120 5204
411 813 7363
417 297 2132
662 714 5633
87 20 4703
811 327 8816
389 374 7348
654 625 5109
976 785 3647
32 876 1846
772 965 6319
905 222 1747
454 49 1591
361 96 4039
499 461 5314
666 385 4913
2 64 2453
182 444 1097
871 155 7424
842 634 4028
188 444 5016
324 856 3378
534 460 4506
584 383 8641
241 611 2484
119 87 2954
159 290 2661
567 772 6753
418 581 7698
282 712 1969
236 741 5324
996 800 8263
348 221 6827
11 90 5662
535 679 9508
470 499 8402
436 131 1295
977 784 1339
391 132 7293
58 902 3086
742 818 593
825 953 6108
897 576 1850
182 136 1330
981 908 5654
90 23 2904
451 812 8575
532 632 3010
803 803 9186
754 45 3629
976 538 9677
492 347 32
793 217 1042
60 247 276
864 72 5649
188 564 6582
940 801 7428
438 795 4585
12 930 6857
1 318 7500
467 529 4676
44 325 5134
341 374 1845
957 799 7918
922 453 5789
805 627 196
763 509 4800
593 784 7025
794 482 138
889 272 6809
573 875 1404
167 37 6236
607 194 14
256 229 8929
803 803 7643
56 31 1787
777 840 7349
730 796 3695
24 801 3464
291 213 7269
864 856 1418
200 947 2157
453 66 1972
854 539 2412
571 934 3630
811 57 4797
965 33 532
34 945 6269
511 9 2733
766 181 997
854 247 425
723 247 9772
350 955 1358
708 404 1123
942 800 4080
887 871 2807
508 443 3389
91 4 8573
553 648 1726
734 343 5407
370 556 7356
47 656 4787
734 829 2952
567 250 8483
365 637 4773
321 631 7761
400 535 4789
20 602 7858
662 585 1170
329 606 1484
428 793 3413
774 88 7595
972 281 6227
99 791 3086
360 720 8535
73 517 2723
590 777 5394
603 333 2046
936 412 5122
214 373 8840
728 781 9775
298 526 9464
519 812 4039
444 156 328
679 556 8871
817 399 296
955 697 5181
453 117 8728
467 533 9223
620 694 227
479 176 7146
671 824 549
402 40 9456
210 426 6720
950 150 8272
989 56 3348
170 367 2890
849 311 5727
809 427 254
696 289 4864
977 153 7597
171 116 3876
700 554 6091
912 664 2864
47 62 21
309 606 8416
611 574 5499
824 399 8770
43 939 9773
885 95 6719
787 717 5816
986 645 4325
973 592 1751
408 792 4318
594 268 4063
388 1 2246
238 968 5585
563 48 4739
846 743 1563
767 540 1988
293 841 6568
597 405 4155
484 972 7496
252 290 2914
732 80 3731
912 816 1711
123 475 3688
511 125 8360
366 748 1945
966 852 1360
259 340 4560
543 51 9538
410 147 5000
321 716 4166
572 305 4521
312 326 9915
441 91 5902
819 709 8546
233 17 2469
151 372 9676
954 342 5027
252 484 9205
16 817 4760
75 393 7937
440 126 4671
795 65 754
551 618 5919
219 134 1634
11 596 8624
194 128 9218
584 921 488
479 579 8450
602 520 656
652 335 750
189 189 478
313 826 7934
829 792 7945
542 22 2318
201 617 3721
793 224 2884
296 898 5153
104 146 1212
281 302 8912
283 1000 6681
963 160 9904
514 502 4329
415 28 8618
140 274 1816
454 484 813
40 483 2467
787 711 1518
844 857 9724
744 934 350
323 958 953
956 81 2189
906 125 956
322 676 613
437 493 4277
339 315 3354
653 543 2224
316 639 8849
219 23 9752
330 109 5737
786 988 5010
58 245 9295
791 171 1937
998 944 1885
636 763 3673
611 57 7433
583 109 8993
657 536 3437
443 801 5959
577 681 8769
508 468 2505
640 88 3407
393 482 6999
465 364 9150
641 799 2556
697 646 3116
250 94 2089
302 265 9027
780 10 9862
543 838 6567
141 389 856
344 384 5044
461 145 6481
661 669 2136
676 293 3120
684 596 5860
792 883 176
428 746 9050
854 989 8588
515 798 6346
574 844 7341
199 27 9687
478 801 4676
584 296 3993
117 927 8261
541 335 6112
880 526 5918
727 398 4759
772 81 1229
735 378 8010
149 634 8972
364 756 5804
257 303 365
283 987 6459
378 499 6076
186 832 5519
811 330 5907
758 660 8611
503 284 7184
383 549 1023
732 285 7992
18 394 4627
98 563 2619
385 380 5652
28 407 1815
402 299 8740
159 516 9632
364 640 8109
809 867 8711
939 53 2559
855 105 5723
662 359 7091
130 935 1782
340 271 7010
672 534 4640
632 866 8001
294 76 472
510 344 5372
559 655 9543
262 711 3243
420 250 2236
396 629 8019
781 18 9456
698 124 1264
3 648 7119
135 864 3100
375 768 858
907 934 1875
374 128 2147
366 489 250
759 737 9678
801 546 7846
795 843 3817
846 801 8109
302 590 2023
592 888 8292
848 851 842
415 828 9282
649 77 13
916 235 8528
30 472 7372
624 380 7869
865 81 7343
305 887 2111
764 747 1172
821 508 7525
738 4 8391
789 628 9602
44 78 5348
414 65 9360
281 202 2422
567 579 5257
129 240 4052
591 691 6576
653 634 5221
110 966 5619
472 138 8729
912 300 4840
732 204 8463
650 412 1973
438 853 3480
15 878 4017
844 105 3838
704 523 8393
332 243 3889
940 90 4507
319 739 5044
456 424 9607
877 328 7802
897 488 2547
302 410 7662
305 814 7104
477 819 1775
868 186 4353
288 559 8971
985 61 9195
966 439 3310
563 134 2063
636 850 7206
385 880 7846
645 316 8272
203 93 6920
740 217 4430
337 956 7758
248 716 9839
120 846 8728
838 570 8955
248 38 717
350 259 548
907 491 788
717 910 6398
86 389 166
269 631 5590
935 874 8764
754 709 8668
12 587 6626
632 887 1292
135 975 1593
570 332 554
699 745 6509
451 473 5458
523 723 9317
985 898 1773
500 855 1837
61 947 7085
431 777 3509
823 195 6895
634 947 1707
208 927 7020
747 276 2160
306 397 2572
211 125 5524
317 994 9128
46 118 269
650 498 6603
83 431 507
406 801 3328
485 596 8547
726 524 3
7 90 1152
866 363 5887
386 48 9234
962 406 1128
65 22 7834
184 255 5952
374 917 2942
857 119 2585
165 972 8373
967 164 5254
317 71 6086
422 181 8541
576 87 6752
775 878 7113
223 935 9686
229 887 7577
748 672 1398
248 925 6344
493 953 3215
78 851 3351
436 965 7719
546 247 5818
125 7 2612
309 873 7747
852 47 1991
84 121 974
280 964 1918
813 258 6662
830 100 6895
397 330 1672
415 974 7192
564 309 5319
981 383 9572
761 891 4765
903 16 5012
785 940 6816
72 762 5040
714 74 4286
789 189 5979
403 169 5166
843 589 1718
244 24 8015
738 137 811
434 330 2458
842 142 4050
774 172 4022
768 291 3073
521 644 6910
235 570 1546
889 299 317
456 690 7800
970 83 5255
168 408 4998
308 715 5465
896 526 3858
143 468 9385
454 528 1366
639 119 7100
420 76 1223
879 431 1953
944 329 4339
621 548 337
123 181 3020
465 70 3489
236 817 7648
784 696 715
534 68 8431
147 622 4452
400 307 2436
510 755 5385
860 333 2737
545 494 7327
872 499 1308
713 890 5284
740 214 1746
455 80 5514
524 665 9174
954 155 5478
666 413 4042
176 95 8892
213 547 4759
872 583 1801
43 45 7785
101 606 8644
229 303 7332
590 195 5621
321 169 6039
150 586 2387
731 637 7247
566 449 7594
283 792 3328
398 633 9547
680 209 9902
195 648 3284
417 225 6947
463 72 6076
4 132 7907
370 678 5027
477 968 6681
912 490 9521
395 34 1478
474 516 5279
866 846 3157
88 987 791
198 150 8122
948 778 4717
966 966 8849
665 560 1136
805 249 7043
654 66 5012
640 892 1199
318 497 3682
196 295 5563
203 163 6013
247 499 1478
226 797 2088
494 939 2791
436 923 7465
60 824 3579
172 177 6533
265 821 9470
832 19 2377
548 815 2228
53 789 7807
944 899 585
401 360 5511
139 620 9839
681 480 3537
127 333 4795
88 871 6253
505 797 8539
111 472 4260
855 7 6772
260 506 2576
671 538 2513
179 946 9123
101 730 5304
21 692 8169
421 473 2847
500 968 4106
462 824 6861
715 597 7323
51 376 3631
22 881 6552
913 642 2931
397 950 4853
743 97 5304
584 737 6199
903 183 3210
567 662 2190
195 617 8540
319 61 4674
663 175 4680
456 695 9322
153 980 7306
971 835 9948
942 92 2931
315 455 2335
393 540 3648
330 157 6073
285 374 3209
931 219 8524
807 677 569
14 174 2687
713 512 7537
425 457 3379
71 153 6985
844 295 981
446 958 2946
457 737 6660
65 56 2185
799 87 5192
809 806 8277
763 639 391
972 908 8886
217 212 468
385 186 3198
771 314 4101
880 507 3298
596 926 939
780 319 4591
60 880 7666
294 14 4608
204 244 2359
298 601 335
482 692 107
678 12 3614
311 210 2395
920 223 9258
565 796 6515
167 918 5063
937 524 6605
185 573 4280
351 366 7804
865 484 4265
284 455 2702
839 62 5817
913 604 3640
978 190 672
370 717 6608
309 352 2298
926 455 7849
402 567 7971
237 826 1430
656 74 3002
238 848 4531
583 592 2510
54 358 965
674 150 5323
795 436 301
336 993 7080
299 274 6022
486 23 9177
879 472 204
553 29 2798
275 925 5941
835 241 4016
488 767 2984
198 208 8043
265 500 6344
690 764 1155
65 368 9409
389 150 3499
196 656 4301
45 840 217
305 745 3306
3 564 3174
653 599 7851
845 710 7303
391 739 881
126 576 3132
831 803 6512
138 714 3983
727 476 7935
880 453 5140
298 625 6235
113 64 188
880 50 1849
952 397 9401
723 784 7615
674 501 1049
654 569 7282
857 534 6323
420 835 1261
870 810 6988
319 10 6187
734 172 9619
915 236 7686
574 496 5784
799 931 139
842 605 4559
683 159 8293
29 716 4996
196 159 2915
43 78 4340
591 692 6688
1000 386 296
350 806 7843
893 129 1624
728 871 7728
696 176 7437
536 953 3759
923 639 3118
176 475 9829
599 739 3917
696 291 6048
533 106 9569
691 285 6752
479 132 5647
470 208 9638
492 538 3597
339 151 188
949 310 405
547 257 445
513 340 8549
132 167 459
274 746 7855
746 555 2531
910 70 1091
570 447 1943
332 846 4070
320 283 3648
802 455 8669
756 450 7098
473 824 5326
966 230 1922
283 87 3228
283 29 1617
557 92 6660
622 163 5101
932 888 7266
840 50 4727
337 10 6069
748 166 42
387 788 3436
723 478 884
850 887 2646
654 972 9097
581 616 4080
832 536 8395
620 211 9173
200 632 157
256 363 2365
153 280 8839
511 97 8131
223 710 9337
117 947 5098
859 503 8078
864 941 145
651 158 1016
730 921 504
235 819 8271
486 590 1779
646 158 1368
714 666 8980
588 681 8387
202 370 4492
148 70 2725
690 337 2837
210 208 7877
724 256 5883
531 267 7288
725 751 7465
817 629 1716
233 395 4250
450 75 4104
167 402 808
994 56 9121
213 398 261
332 406 3274
413 581 6053
795 490 7276
229 48 4478
435 260 8180
447 18 102
772 421 4740
385 428 7607
526 333 9266
671 774 4070
944 504 3613
816 441 6609
913 59 3890
696 668 4599
387 392 4048
261 611 9545
286 62 4763
551 816 2473
497 621 6685
552 37 1297
965 58 2777
524 238 6308
462 137 3651
741 695 2552
59 1 6362
74 789 4755
258 70 8915
846 507 3668
539 685 7509
639 600 6688
312 433 7314
851 436 9822
193 402 9769
450 225 2347
259 425 680
777 985 6448
2 408 4558
147 649 1895
235 268 9965
390 431 9149
389 602 1467
672 926 4515
601 450 4838
66 9 5433
371 702 5264
85 70 2218
714 833 9814
309 276 9956
462 714 523
326 381 436
673 657 7949
460 880 551
512 745 9526
887 928 7411
552 123 5543
301 732 5714
27 52 880
937 279 1502
168 971 1556
240 299 618
820 653 6520
635 922 7648
581 775 7169
622 111 6109
825 545 3139
678 824 5224
274 510 4360
150 980 2551
284 407 2672
208 650 2624
258 221 6826
624 372 8880
313 523 1382
325 112 1615
46 267 11
588 683 6990
349 7 2249
503 348 8433
161 654 6510
172 483 4209
2 428 9171
477 439 7142
467 66 9343
480 931 3303
393 542 3655
866 909 7007
275 189 502
727 345 9823
933 38 7925
807 138 3209
780 623 6710
519 735 8100
113 813 8577
355 628 4074
142 494 3651
425 99 5036
198 837 5201
27 275 996
964 445 3799
814 710 4794
309 232 4165
109 196 5487
769 861 9193
124 818 5802
566 952 6067
979 799 7932
239 995 5230
768 640 9643
20 610 450
176 178 2289
445 458 887
305 948 8632
541 304 9980
76 86 8109
867 182 7522
499 560 7965
707 513 3046
942 544 6630
396 748 7460
723 530 7972
76 839 5280
948 181 4360
392 196 6798
283 814 3591
724 135 2219
167 401 5074
282 596 219
409 406 403
82 737 6302
724 566 8700
754 58 3910
13 719 16
986 407 8097
653 430 4914
294 697 9212
442 542 8502
891 46 6938
733 681 5422
40 982 1837
429 576 64
98 64 5370
675 730 8755
336 764 3340
858 704 4057
738 457 9058
499 783 7234
87 487 2541
748 825 1046
591 665 9683
198 894 4501
502 941 7254
870 405 3893
375 119 6034
402 108 9598
652 178 575
41 864 6297
957 482 8896
156 652 4692
891 682 2757
91 170 8977
798 106 998
361 698 4992
784 611 922
137 347 6147
507 757 34
843 82 6916
755 540 5798
782 274 4323
391 620 6961
63 536 7584
233 388 3440
157 895 3466
519 782 8128
706 848 9189
810 503 5419
669 742 6871
820 272 3936
106 396 3323
181 429 9226
429 139 9766
219 47 1364
937 150 3867
829 591 6685
124 471 534
191 839 6398
650 631 2794
934 753 1038
32 262 2250
361 519 8104
329 445 8381
414 330 2048
413 947 489
783 449 3844
555 777 1394
489 873 4672
641 225 7289
222 846 1993
356 482 1132
828 820 5076
728 52 1560
986 714 6036
349 944 3576
897 676 7401
695 810 6821
308 959 9321
270 972 3643
622 98 132
511 15 1367
974 437 8465
875 589 241
206 493 4929
982 563 8117
321 36 4530
561 523 3064
75 433 3562
280 336 948
424 557 9403
102 252 2604
154 614 5777
859 748 3033
417 744 5070
687 875 3227
807 222 920
339 665 2027
740 864 3982
432 784 6895
935 661 7096
713 464 4006
971 554 8724
752 618 3123
638 617 5695
277 229 7543
829 533 6620
561 482 898
547 132 2005
8 486 9779
466 327 7623
63 633 4855
683 595 2330
296 332 7918
628 800 6441
363 277 3158
195 911 4281
688 780 4478
764 157 4600
523 852 207
689 234 9293
272 644 2435
757 213 5073
804 609 231
819 835 4739
281 637 9876
152 541 8886
558 16 8379
857 589 3455
1 424 7396
175 267 6554
995 318 1497
781 903 5277
93 43 5942
858 466 3656
113 448 4262
654 339 6108
57 305 8905
658 438 5081
662 6 3591
554 150 873
76 94 5910
605 528 3486
688 686 9345
460 548 1563
431 913 988
541 508 9611
629 267 1350
746 1000 9763
472 851 2960
726 22 3811
420 846 8283
882 82 2542
257 92 8530
178 512 9823
223 218 3070
674 841 2437
106 194 6593
138 446 849
919 879 7728
227 430 6086
416 702 7343
113 257 819
318 360 8355
966 882 3836
411 277 1044
383 842 5918
404 347 175
982 821 5703
508 769 692
205 27 8431
329 803 9150
958 110 8851
433 430 5965
312 509 504
577 827 1276
280 155 3986
178 377 1757
179 805 6726
892 557 9135
756 631 2621
884 612 4044
497 460 3844
744 625 2326
131 408 2906
714 805 1443
556 235 511
441 491 6801
352 674 9252
300 609 7493
43 593 6209
408 980 1770
145 366 1018
414 976 4261
466 675 6365
626 280 9441
451 940 4420
852 333 4309
605 768 7700
231 758 1153
777 999 1642
476 990 3136
350 21 6208
203 145 2571
489 719 4264
694 918 8430
335 428 2943
503 653 4726
753 778 6706
246 25 9762
217 897 2196
478 730 3227
446 649 9988
897 99 7513
936 662 8554
652 964 1783
382 245 4973
652 646 2783
56 573 2955
744 870 3812
43 935 4620
439 187 6239
804 408 4538
762 746 4727
803 443 7266
456 947 1491
80 703 7234
482 55 4431
658 194 8370
755 557 3511
242 875 7352
190 365 1653
199 93 7930
971 866 2963
276 882 1137
893 512 9001
837 320 1367
549 202 2224
593 405 9969
66 93 5143
386 49 1333
644 446 4
488 715 5808
507 9 1529
19 388 4964
51 424 5491
200 166 1124
492 187 3416
119 861 6773
816 199 5829
587 716 85
338 748 6404
778 255 3309
139 653 7141
35 382 4177
538 899 1831
87 255 2196
30 49 3035
825 47 52
605 324 2066
822 874 6756
111 991 8979
388 728 8590
789 87 3050
278 997 1969
146 953 5500
417 446 3945
33 868 6239
3 920 2470
92 519 8968
475 779 4983
963 648 2834
965 246 8737
779 849 7773
342 396 7820
287 425 9143
505 446 2090
439 94 9705
732 942 9788
860 446 6589
699 628 9058
354 576 2540
115 700 4802
856 543 9670
458 295 193
17 875 9621
850 158 749
486 333 8702
626 982 244
634 185 6815
147 80 9687
623 535 9042
695 220 2539
695 806 6519
780 28 9514
941 202 5161
986 393 1649
595 883 7094
604 343 1423
817 136 470
632 922 4380
32 967 2091
262 495 7374
570 878 2665
203 438 8664
414 342 1247
711 873 1641
626 344 8493
242 600 9120
174 565 945
685 649 9614
693 806 5419
476 929 837
638 598 6013
227 556 8810
377 239 1336
356 331 6199
988 700 3074
335 440 2879
790 189 3057
259 358 4262
392 507 2207
272 461 4972
183 189 9410
411 922 4119
126 306 5110
59 491 5271
267 18 6507
821 555 1355
666 803 1787
642 915 7498
100 181 4175
602 457 5140
326 46 5216
925 564 9362
49 774 8403
623 392 2703
690 696 2672
179 457 3738
395 222 2632
852 634 3362
716 197 9480
296 376 3826
836 329 57
754 785 5820
147 156 7647
933 826 2869
827 698 8803
869 401 708
454 89 193
797 804 806
38 975 2985
46 880 3002
706 392 7223
591 371 5771
75 178 1030
679 576 7997
810 370 2400
243 507 6472
951 441 5588
278 568 5808
84 548 144
67 167 4956
480 816 6817
123 403 7155
311 37 4599
939 425 9936
382 204 9345
821 450 2757
656 111 7599
276 815 1027
43 86 5608
928 515 1388
77 147 8209
391 151 5509
789 483 6299
771 347 7335
997 472 633
504 659 4455
242 54 3750
336 470 5526
661 832 4131
972 443 8487
779 578 3701
567 49 2227
1 177 625
267 215 3487
565 509 5916
60 248 3809
960 1 9324
136 271 7475
220 252 9375
177 619 1615
345 773 4451
885 790 8782
523 46 6269
906 159 4445
113 577 6319
133 109 5315
241 188 9101
962 887 2644
163 886 2337
467 815 4519
224 729 3564
135 503 6519
978 705 9312
797 397 1121
178 958 9536
561 156 217
470 978 8700
768 91 3042
934 849 7995
800 790 4474
263 166 6881
58 13 6253
670 507 6880
413 31 478
278 619 9084
216 921 2187
583 82 6458
694 194 1081
838 317 3973
967 516 737
359 551 1111
542 498 1285
131 391 1642
280 184 2952
729 678 368
12 397 9591
287 559 7295
617 701 1585
373 14 3473
620 176 729
276 986 6318
707 406 7646
702 882 6974
448 590 5094
695 35 4781
784 274 4589
560 449 6837
620 271 857
707 51 4699
278 850 5301
911 83 6956
559 631 8687
154 119 1340
674 224 5938
582 460 742
145 789 5117
779 714 1070
355 215 4453
1000 194 350
423 162 4334
233 854 4422
696 816 312
897 791 4404
168 911 6204
35 790 2135
955 371 5591
644 946 4663
848 271 8813
868 799 3344
949 406 4404
784 291 2966
375 348 7435
883 561 8627
255 193 3487
832 151 9882
714 149 3038
975 653 4681
984 391 8
75 888 8949
270 846 8182
803 75 9408
746 415 122
331 998 1774
579 201 7015
374 1000 7086
861 680 9219
203 203 6813
391 429 7573
139 656 4775
955 653 1976
538 871 5915
876 240 1082
426 490 521
389 618 4224
181 32 4142
419 288 5072
164 778 1948
79 368 6147
820 237 8523
118 555 5331
924 677 4977
723 921 5104
667 724 9989
749 981 3716
559 621 2733
44 264 2194
445 494 5522
965 839 6311
982 276 8964
825 123 6030
688 669 7801
351 61 5599
195 452 9707
352 193 23
707 572 1156
879 443 8186
324 658 8214
948 439 7476
384 579 7739
246 163 3021
407 671 7036
139 120 2994
567 508 4828
704 244 2651
761 334 6845
327 304 4784
422 590 9112
947 678 9312
853 977 9352
817 205 7445
625 399 4362
614 228 3001
82 218 606
113 521 7645
118 661 7619
169 787 8165
607 995 7280
27 82 8329
433 814 7306
126 684 7203
655 810 6546
394 472 5607
416 449 4527
254 339 1533
932 30 3477
219 628 1486
615 960 7036
422 669 2607
350 652 6076
109 392 4637
118 855 4205
17 688 8574
192 959 1461
120 565 6455
753 429 7327
2 706 2320
862 528 3002
205 692 8422
358 464 7664
956 392 6610
523 590 4333
