999 5000
38 120 801
734 368 545
683 79 126
702 120 648
211 819 610
48 839 376
152 419 216
869 42 778
164 174 171
430 594 519
725 631 797
110 365 736
753 767 199
933 188 114
358 117 676
855 164 480
136 315 147
18 903 22
324 785 656
983 933 862
605 658 188
347 486 802
174 958 131
798 891 958
822 967 440
385 542 876
504 677 288
761 413 644
61 736 106
532 438 138
598 43 940
13 108 962
511 1 451
495 798 533
667 339 207
955 442 83
407 665 240
892 426 541
999 486 467
891 737 836
435 54 519
637 784 15
44 15 61
689 509 855
663 176 511
604 849 407
88 257 24
965 149 156
975 867 879
720 758 850
903 912 578
847 549 603
617 592 77
388 999 482
674 662 777
19 266 751
805 353 281
693 38 6
289 13 568
808 451 424
64 73 712
92 919 723
185 256 66
11 643 247
64 36 94
293 773 166
372 297 896
425 989 525
346 997 593
415 805 567
961 587 633
138 678 663
863 581 22
898 310 419
933 374 708
629 666 104
310 756 13
63 900 459
851 246 948
372 661 711
62 341 597
105 197 833
505 60 75
161 958 401
178 610 939
949 239 169
493 268 843
334 330 240
164 181 717
272 271 194
622 332 94
559 156 129
893 660 20
528 540 538
472 436 577
508 104 583
210 597 72
106 930 588
183 94 359
225 84 627
926 424 660
688 701 740
646 595 233
382 123 807
795 313 584
99 820 921
79 748 272
326 854 354
621 755 625
816 979 384
282 625 341
79 313 444
32 677 878
363 777 717
952 572 713
977 671 452
107 468 159
551 513 323
644 852 183
549 668 161
537 949 97
667 29 437
499 778 957
924 141 380
910 811 597
208 788 479
45 614 16
629 165 928
786 528 802
417 77 699
28 333 247
981 999 104
248 498 10
909 142 549
349 770 527
360 977 527
760 22 174
628 369 35
447 873 870
118 291 599
456 37 310
182 19 695
935 266 196
467 176 692
857 243 955
777 602 642
486 362 259
807 708 614
294 155 379
745 990 90
555 447 555
415 628 221
275 564 876
352 749 477
288 326 755
994 103 306
397 588 312
820 396 789
332 408 311
998 154 737
392 427 764
104 560 638
552 835 463
267 905 600
874 911 244
444 624 625
614 21 919
147 841 2
106 891 908
937 889 507
760 282 749
748 104 944
84 656 137
981 922 172
67 515 796
758 677 261
990 292 558
92 438 299
26 262 97
367 917 681
300 397 142
658 145 386
577 228 280
50 928 404
146 713 234
872 191 526
504 181 936
874 272 128
805 16 890
627 101 532
57 400 495
768 777 894
302 354 365
210 123 724
758 986 570
821 577 497
562 799 130
594 674 739
501 198 325
669 824 499
474 599 65
674 367 826
20 387 669
312 315 787
968 73 351
620 894 155
462 175 813
203 488 233
215 988 66
960 377 408
807 850 291
772 524 210
514 263 548
328 574 586
983 261 429
625 881 960
562 62 704
299 983 299
709 198 520
754 877 257
623 403 745
92 893 479
645 126 351
304 172 78
996 155 383
762 498 188
858 779 637
130 78 562
888 506 701
355 260 731
915 883 150
327 693 22
699 338 876
615 360 29
823 357 970
11 837 51
80 695 425
928 825 608
42 713 833
789 786 165
415 421 10
161 466 659
519 165 673
2 779 247
375 321 671
622 331 21
367 129 609
609 57 841
928 98 663
192 606 596
714 739 951
557 618 769
374 137 880
247 857 634
198 232 812
506 572 444
369 938 719
927 547 623
311 195 71
127 105 762
447 818 131
906 375 623
113 467 613
483 432 679
351 348 497
539 853 390
776 941 406
143 868 675
285 898 451
524 743 623
88 908 299
390 814 544
310 926 16
86 409 35
718 759 551
302 298 236
457 792 109
269 654 482
900 181 209
277 268 524
190 376 739
196 404 622
668 490 404
291 926 366
543 228 23
86 403 819
569 391 119
920 737 898
171 638 578
163 633 272
782 542 110
215 737 362
855 125 993
341 415 33
867 676 977
128 761 216
181 330 154
887 251 817
251 140 8
794 21 349
605 802 137
510 18 619
538 591 459
336 931 395
779 517 624
170 364 735
962 544 538
864 151 164
784 120 456
780 914 975
409 238 595
579 748 56
923 286 979
674 340 472
277 838 899
836 8 284
876 688 797
247 552 203
304 336 103
782 834 427
999 243 94
19 540 212
493 464 847
838 856 991
553 133 677
785 687 585
380 564 578
956 529 161
964 832 503
811 614 610
571 332 184
569 70 7
34 562 403
502 400 478
30 672 330
394 457 231
766 555 618
825 512 677
156 195 275
540 724 165
758 15 727
220 302 853
940 55 950
124 556 349
882 304 520
491 698 714
69 464 214
647 8 817
754 163 77
694 421 447
966 180 3
570 399 542
244 339 922
197 463 693
550 64 847
294 554 411
213 342 970
406 988 805
110 743 374
446 437 233
507 403 345
300 691 189
395 934 826
544 850 308
968 400 464
415 413 976
840 625 777
448 31 780
63 859 718
559 305 513
477 530 681
573 549 949
69 943 520
341 207 345
75 893 124
872 308 375
942 866 163
354 314 407
753 376 922
334 935 784
350 412 441
488 703 598
317 491 796
798 831 605
849 905 69
300 777 386
163 438 614
369 791 74
325 264 923
140 597 533
978 665 489
347 153 135
982 188 12
561 705 945
66 554 242
462 853 717
167 734 347
455 103 906
58 428 879
36 286 631
386 264 675
148 329 42
612 311 330
287 591 761
73 375 328
483 836 154
671 721 613
16 895 571
151 952 435
550 706 126
264 92 426
362 239 129
613 569 182
770 855 382
632 647 333
766 130 808
472 519 191
630 253 97
890 404 951
298 672 27
990 654 209
665 17 633
669 348 434
703 118 326
327 749 903
45 234 110
317 424 310
310 54 555
199 662 101
39 959 475
304 668 11
378 53 680
691 721 579
292 424 333
747 470 406
569 233 125
239 549 291
427 577 220
868 775 131
713 533 809
948 555 381
838 932 271
462 342 311
434 633 332
241 100 770
797 387 606
305 625 351
955 52 195
658 920 532
742 352 367
786 301 727
935 857 820
418 38 280
340 190 242
405 431 33
939 946 555
425 251 621
178 206 541
508 583 220
332 325 758
407 829 334
37 764 958
317 182 310
939 241 671
633 364 671
425 23 419
604 447 40
844 344 823
137 570 989
68 901 20
70 308 427
371 344 888
967 379 375
601 38 848
424 670 342
397 95 625
315 417 654
484 262 132
297 117 901
972 185 844
692 972 31
242 62 836
274 29 79
487 629 390
941 772 363
478 887 326
37 202 539
760 405 973
828 701 816
465 392 288
722 85 202
5 45 188
350 318 554
355 523 315
116 464 140
546 660 700
789 415 765
450 176 79
372 4 112
411 187 853
352 627 24
266 632 52
241 981 472
962 55 362
33 888 571
874 153 790
322 941 645
971 392 140
25 482 759
498 892 50
82 963 914
749 947 676
180 906 228
646 868 648
635 620 325
807 213 973
640 535 269
606 225 752
747 249 394
891 465 361
940 546 942
617 14 690
644 193 792
371 557 154
152 193 441
820 718 440
360 358 555
560 682 550
151 429 856
942 320 231
627 979 233
992 596 883
306 959 530
524 330 51
611 482 457
37 21 670
394 100 830
285 659 583
401 528 770
484 471 799
750 98 70
282 808 848
827 114 809
284 638 884
297 967 15
940 723 582
583 117 558
21 120 859
141 520 941
690 722 548
278 192 337
844 473 657
725 19 495
285 302 697
174 318 64
263 258 389
91 559 463
19 579 489
604 720 15
437 129 602
740 406 479
859 968 526
787 693 331
547 696 773
944 869 552
309 850 476
116 941 918
38 959 4
80 282 371
361 719 437
83 178 1000
995 756 833
100 543 727
223 808 548
648 752 177
390 779 630
109 894 839
104 651 362
959 730 761
972 809 625
395 891 501
456 705 63
383 927 900
6 575 987
216 684 387
558 511 138
560 333 757
521 293 28
764 983 319
444 98 933
21 757 998
629 39 679
501 972 900
153 250 634
417 809 798
332 50 396
695 532 854
587 694 903
371 715 246
478 68 68
571 15 743
29 362 522
62 863 582
497 734 903
162 151 675
878 482 260
886 895 122
878 483 182
686 572 291
533 50 580
748 620 112
279 367 786
565 148 291
824 644 662
52 525 388
89 403 577
892 8 904
229 886 392
259 572 621
722 823 940
971 572 90
236 569 214
580 134 341
787 677 370
538 535 833
548 147 812
734 375 76
841 352 175
800 792 412
528 763 149
874 998 833
307 578 985
886 84 835
829 811 989
15 68 120
603 615 489
917 69 569
118 909 189
608 428 695
527 268 807
700 574 14
709 9 396
858 23 323
543 344 879
16 815 792
9 424 809
794 65 70
343 592 959
327 11 41
889 18 713
255 446 640
112 846 63
689 938 203
46 680 956
185 474 156
997 816 109
78 862 647
450 751 108
3 6 325
281 155 638
885 211 101
187 395 690
552 111 452
632 76 284
773 796 589
641 77 507
532 378 63
987 761 135
100 769 393
883 654 980
196 57 838
530 408 544
583 541 811
985 73 175
654 60 26
942 760 508
380 825 401
212 829 806
592 25 481
879 273 71
789 613 457
367 700 53
383 361 775
622 263 671
978 102 962
119 937 644
82 726 287
834 283 305
85 368 833
492 469 262
379 521 925
91 803 227
350 144 208
907 296 858
228 414 996
175 214 579
561 851 979
525 62 90
132 440 621
197 530 677
932 598 63
789 576 335
31 803 30
927 977 448
269 712 343
892 992 489
499 367 762
917 563 409
339 652 349
35 402 76
862 48 824
150 927 606
527 249 479
685 466 763
284 102 732
131 958 670
575 616 79
969 673 313
658 707 582
150 288 233
338 629 195
956 778 896
286 24 19
132 709 653
345 711 417
549 416 191
63 481 19
798 687 106
967 842 140
320 788 511
173 694 920
459 492 518
374 716 2
520 723 302
93 297 497
944 717 176
302 929 644
591 820 328
793 279 107
377 52 206
966 806 162
270 736 686
459 348 894
534 977 459
828 330 477
664 992 521
644 72 590
265 567 406
674 396 151
616 992 300
608 644 505
843 466 803
550 381 127
217 251 25
775 924 855
974 867 985
500 120 601
41 327 201
384 760 598
370 147 976
183 637 316
124 131 67
669 438 952
443 884 757
710 988 855
948 112 432
665 403 543
184 504 601
386 204 180
572 366 648
832 882 81
230 312 79
819 652 806
910 511 597
331 991 295
121 928 441
691 179 993
80 921 276
506 139 289
590 595 366
927 619 127
248 433 292
71 716 130
520 323 410
962 907 490
986 676 774
995 252 924
993 62 941
158 582 766
637 580 160
140 567 619
769 582 46
922 458 219
399 916 390
891 18 949
504 554 998
610 964 911
481 479 844
122 380 795
62 283 285
848 861 87
134 675 458
661 61 571
125 90 26
114 718 418
350 484 319
813 842 625
134 254 299
760 295 660
865 138 656
555 833 529
621 223 927
301 245 699
59 421 836
146 280 59
151 235 684
282 494 68
962 751 171
16 848 324
541 994 697
617 953 820
169 953 526
552 553 452
526 765 961
676 727 355
790 160 851
984 175 623
474 273 875
258 329 188
523 40 239
619 780 578
522 869 348
148 74 696
783 462 842
969 177 89
187 461 321
446 697 165
433 680 651
589 249 925
526 581 278
384 27 758
84 925 617
513 636 956
633 738 660
168 20 891
948 35 378
770 88 315
423 622 579
462 711 455
20 714 779
356 316 413
358 973 599
741 525 760
969 53 745
992 684 159
911 951 845
812 600 906
67 124 859
468 40 374
199 585 196
396 410 861
917 875 332
443 673 283
460 653 408
73 56 6
186 589 121
443 460 855
600 528 344
28 714 713
783 531 963
880 819 804
507 420 399
908 166 338
303 947 415
334 845 494
327 649 641
833 489 35
276 531 91
226 356 312
221 401 762
152 81 385
260 493 48
329 476 498
871 81 644
593 478 837
870 429 191
485 757 158
781 86 158
994 957 909
316 645 93
707 47 980
218 570 764
289 839 551
422 863 90
221 731 563
580 87 717
426 771 817
335 661 331
963 714 413
741 980 343
407 226 196
566 891 292
496 736 948
639 270 532
551 738 151
81 452 51
205 387 537
129 503 94
445 778 547
359 964 574
965 675 88
584 903 501
668 97 554
586 67 331
532 830 234
790 339 585
899 502 314
990 681 954
820 826 17
51 705 242
804 25 265
950 985 226
630 912 212
254 913 785
979 970 906
860 886 239
453 789 786
904 402 813
150 516 794
422 12 40
719 96 221
241 475 242
601 642 464
704 122 38
785 728 883
810 437 233
896 511 527
393 266 568
655 111 250
568 946 119
976 697 675
657 835 947
875 744 19
373 225 639
209 999 756
950 774 345
284 7 452
918 562 711
817 272 560
227 866 871
307 825 462
118 729 567
634 284 964
865 646 869
209 454 537
854 897 265
735 854 960
865 441 201
49 824 166
395 936 509
697 398 413
518 977 694
194 347 945
614 337 50
458 679 774
224 415 81
201 318 643
526 545 48
290 940 214
24 219 25
626 243 614
17 954 418
743 945 477
159 128 817
467 648 689
781 240 580
727 189 381
200 394 917
135 514 1
115 194 433
319 149 723
237 986 758
162 732 171
963 536 597
389 352 431
968 222 887
753 746 445
890 801 160
205 607 811
802 650 739
902 386 485
439 885 351
480 765 671
231 891 411
434 733 496
860 10 934
157 40 582
449 806 318
925 609 510
246 672 480
26 524 754
162 404 706
667 490 956
831 737 883
392 528 177
365 909 654
710 358 387
361 284 521
472 248 458
366 273 865
717 153 842
104 539 483
948 475 108
135 25 303
277 135 738
802 500 717
501 928 75
6 8 810
837 479 982
622 844 468
650 561 740
799 383 843
439 51 713
16 185 739
48 180 132
888 981 738
357 482 557
183 487 906
12 324 646
87 665 256
154 34 841
373 832 107
849 272 8
519 287 584
214 53 365
44 940 879
809 16 781
504 916 807
923 646 479
104 452 253
845 605 50
867 696 7
990 264 311
445 782 421
802 715 639
58 758 54
575 286 734
294 508 754
500 432 922
748 254 925
380 817 878
45 684 520
541 674 749
29 837 926
520 358 788
65 415 819
267 709 756
204 3 509
57 502 334
274 968 525
943 348 41
935 111 76
343 371 734
731 399 376
902 637 231
788 420 369
151 406 315
518 609 201
674 384 835
980 657 397
259 319 437
635 255 706
134 316 212
307 47 617
36 668 694
840 456 80
61 326 534
989 843 141
921 236 302
74 216 291
194 474 383
381 827 457
679 680 384
628 986 913
414 740 968
836 580 688
397 360 540
645 349 983
938 988 173
897 780 795
513 693 373
166 792 948
792 471 650
452 818 157
877 232 900
252 786 757
520 183 97
113 546 586
549 485 423
938 382 796
544 613 748
341 497 419
684 8 516
707 460 601
435 56 643
902 27 983
388 546 404
232 377 89
144 644 881
45 583 730
444 845 926
255 186 907
857 870 779
931 296 628
823 731 366
946 352 313
574 458 156
385 690 491
460 833 595
738 596 994
398 758 834
670 13 488
876 870 902
372 801 725
46 344 818
494 290 80
249 583 266
269 967 178
665 146 49
705 883 356
48 281 192
234 669 654
606 545 866
567 636 343
543 400 36
249 893 939
744 143 35
979 130 79
622 794 159
817 218 859
609 983 556
159 218 527
439 823 327
309 110 789
698 652 836
431 619 187
453 364 505
777 62 298
68 402 352
223 220 317
260 547 836
297 424 93
439 581 927
408 889 888
450 306 404
174 736 293
509 908 281
705 685 690
31 471 993
868 693 943
642 672 543
681 687 688
656 126 680
455 253 87
81 702 253
359 875 915
974 103 661
672 526 229
150 556 346
29 143 521
128 785 966
491 466 588
279 841 210
366 296 861
342 95 329
343 453 803
81 146 819
444 536 883
493 404 642
13 433 449
943 560 971
828 769 395
836 766 814
252 132 506
638 193 359
9 535 127
691 334 104
195 778 568
506 271 914
93 283 485
821 226 872
54 772 969
751 609 817
291 579 445
562 218 941
210 944 205
30 354 854
713 548 550
651 773 521
993 865 464
768 405 548
821 177 793
363 927 436
670 936 686
109 499 754
178 427 673
63 456 893
999 887 584
996 258 981
981 969 725
250 738 264
462 278 568
446 359 32
758 29 172
368 856 143
195 34 303
965 814 777
90 813 374
480 528 660
644 510 548
391 478 875
543 658 160
589 104 426
563 580 787
474 666 390
601 860 528
156 825 53
885 633 170
221 832 782
813 476 760
375 585 216
394 128 401
409 436 107
782 998 771
903 472 76
880 792 481
890 947 952
433 551 439
71 771 172
954 584 836
348 678 155
937 790 746
466 199 175
535 699 825
185 322 221
220 202 152
115 93 272
553 244 711
344 314 488
248 986 968
65 334 697
467 271 198
996 455 334
680 709 530
362 893 573
235 831 204
899 664 301
512 218 916
113 561 572
765 528 48
440 592 105
511 777 660
653 773 115
431 172 575
908 253 162
706 487 953
706 387 130
236 617 294
291 729 235
378 213 123
170 372 497
577 882 513
693 255 266
264 685 284
262 593 390
153 300 508
594 724 790
700 960 859
741 969 425
781 66 976
630 235 534
509 531 443
165 224 901
312 206 945
631 467 399
921 619 541
699 932 574
300 632 797
518 92 126
183 873 484
779 222 270
747 449 237
36 332 748
858 644 565
804 993 966
625 634 761
182 333 253
463 351 924
423 868 715
71 52 565
783 830 596
731 578 655
927 332 256
348 908 367
691 713 919
369 238 135
449 420 96
879 561 746
120 632 863
952 134 70
725 583 603
946 511 905
500 577 228
416 268 517
45 488 522
306 575 136
619 24 931
283 621 351
814 460 226
398 412 391
811 137 762
240 801 929
281 302 343
948 436 217
330 199 867
766 505 55
441 124 31
254 406 424
347 938 595
71 336 813
647 865 673
526 105 829
914 104 537
880 53 867
832 382 384
990 148 447
443 308 894
201 561 820
17 626 323
573 416 264
978 781 66
520 307 681
862 222 663
226 102 590
25 652 683
22 642 111
243 804 714
305 723 422
773 739 936
180 31 131
640 9 749
966 528 550
117 109 816
651 334 241
238 77 689
643 99 379
477 60 364
338 364 27
478 137 791
244 35 954
426 394 624
389 79 177
377 195 89
868 845 602
897 801 228
860 444 704
902 640 476
30 977 142
879 174 168
187 417 878
524 842 590
588 949 17
180 327 545
598 913 130
351 529 419
181 389 740
826 291 205
251 39 231
39 917 239
681 822 517
78 346 490
586 933 964
455 831 135
955 430 171
301 780 312
448 679 600
477 225 59
426 475 110
790 232 721
327 912 92
281 709 470
796 295 832
261 468 352
489 423 472
630 724 145
300 890 245
78 367 829
865 512 724
691 302 719
153 628 982
437 909 445
505 705 993
506 684 348
338 173 52
319 802 588
80 820 78
238 898 556
621 482 932
478 173 436
567 44 11
287 200 468
715 704 353
438 928 277
348 266 726
962 303 222
19 101 724
965 339 184
280 678 12
823 156 965
950 441 116
424 446 259
525 161 160
331 318 354
539 384 192
919 346 499
102 84 65
822 767 840
161 47 652
979 589 577
690 539 980
163 681 548
834 924 723
928 255 499
950 512 223
238 431 297
547 251 310
676 791 43
143 670 346
7 650 504
26 59 304
204 939 404
828 773 975
333 420 369
154 370 862
78 326 883
348 873 653
419 268 896
258 129 498
862 853 472
773 597 430
224 801 543
354 348 13
128 680 55
873 553 374
132 630 810
538 696 212
196 834 645
644 810 300
481 391 182
968 165 865
232 388 682
435 460 532
129 306 784
243 180 642
725 30 680
534 567 193
934 762 492
321 125 971
836 325 326
205 293 358
170 243 722
936 396 526
769 525 391
1 767 391
785 211 739
200 464 966
29 398 427
411 438 19
603 274 238
186 478 908
933 647 458
786 302 784
818 789 249
438 790 908
673 294 134
938 212 89
489 240 984
520 369 462
676 971 527
875 158 8
367 91 825
820 595 309
669 414 693
43 570 410
901 243 453
689 899 853
941 107 803
310 627 793
397 22 147
195 897 189
751 982 629
673 521 540
616 190 96
349 232 391
589 851 168
842 260 812
587 201 346
291 510 491
83 625 321
845 819 722
765 289 601
775 961 118
817 297 410
555 364 19
580 671 910
848 513 863
735 101 671
728 110 965
67 910 262
426 755 384
402 520 42
79 14 60
276 831 99
663 105 499
2 684 22
191 252 119
358 705 996
725 433 455
321 218 287
541 362 344
299 763 812
626 560 321
352 836 113
375 218 932
479 219 872
536 128 749
825 204 78
932 647 204
150 967 969
996 508 342
317 806 395
157 151 730
11 222 167
133 596 763
640 793 242
270 330 511
431 873 434
17 805 31
34 674 620
987 389 108
22 705 232
818 580 31
894 310 270
806 442 47
655 801 861
441 71 84
354 501 187
190 236 813
954 270 473
405 975 453
800 996 96
3 533 214
356 428 478
648 234 1000
256 607 64
656 48 893
105 402 884
426 591 465
271 264 193
509 387 684
135 188 983
185 190 485
814 264 566
472 631 96
571 605 839
472 979 738
442 84 953
632 509 917
59 498 715
472 7 616
580 142 374
402 45 924
757 858 298
259 49 116
994 619 425
56 91 789
164 533 643
393 165 469
931 941 487
452 414 467
360 712 564
174 114 522
896 590 906
882 848 193
936 842 734
595 616 298
514 780 72
953 891 643
901 541 125
347 992 61
799 72 135
112 245 681
187 859 888
120 460 617
819 396 666
139 990 875
548 223 332
209 176 990
34 77 765
519 424 75
418 941 184
747 772 169
191 958 952
223 797 184
104 616 330
546 473 464
604 21 428
879 229 162
46 981 188
752 500 290
888 637 990
378 384 146
549 293 983
579 516 407
70 619 610
956 883 676
552 206 256
370 85 67
83 130 809
872 600 254
803 489 461
676 585 268
40 134 709
81 431 966
917 501 359
808 176 203
454 446 722
838 534 601
170 617 123
202 489 110
733 292 931
620 687 474
609 726 259
891 806 589
689 443 648
544 251 117
282 423 459
225 979 454
253 868 614
130 70 423
606 802 226
290 422 661
558 31 225
959 641 603
229 49 851
999 592 282
663 873 570
492 99 620
136 70 201
115 199 122
301 804 988
778 812 907
662 370 202
553 48 582
687 277 660
265 276 145
93 657 945
62 149 780
729 3 250
546 117 183
151 136 334
557 914 987
104 295 965
681 847 880
617 253 319
321 517 282
617 609 533
786 390 236
491 119 490
546 384 262
238 534 972
734 810 199
43 913 603
720 313 760
446 649 273
167 688 343
881 305 605
254 809 627
774 300 676
297 565 9
374 802 395
868 536 820
713 578 894
135 18 820
839 182 178
79 349 627
554 948 665
638 202 586
549 975 523
859 991 372
991 365 19
657 951 95
851 665 288
677 799 564
535 638 450
42 436 967
955 989 396
455 346 623
482 894 233
809 472 717
420 463 984
833 838 708
501 408 89
465 804 81
447 339 444
610 100 449
559 55 143
737 228 130
836 709 684
630 238 536
414 657 344
282 209 852
383 428 881
866 612 379
150 59 461
508 387 361
583 664 1
85 120 749
931 956 543
391 305 552
322 437 851
435 719 460
106 102 471
902 686 877
503 554 241
161 62 12
918 363 156
448 447 421
206 97 780
672 487 818
376 809 899
455 962 359
181 786 257
616 688 682
381 909 65
923 789 203
851 426 190
163 873 874
593 79 30
979 469 47
108 844 107
953 19 553
519 199 590
903 533 448
693 633 507
38 556 226
443 126 318
929 7 135
582 599 427
613 297 734
568 404 961
332 358 605
58 595 829
289 498 105
927 910 308
475 947 383
811 109 989
292 38 987
364 620 795
515 951 898
136 519 407
319 569 574
239 345 461
76 634 621
446 280 86
449 754 273
726 284 88
848 575 16
258 657 987
984 173 678
9 27 839
156 345 224
659 302 90
758 377 321
74 823 421
299 990 896
190 717 619
189 565 611
943 541 6
319 244 583
363 253 723
645 408 738
776 67 232
971 824 386
519 616 655
346 914 994
645 822 138
509 11 75
385 673 791
200 991 785
904 73 953
636 717 702
149 494 605
245 184 828
436 422 637
169 486 471
173 132 600
332 359 465
55 744 80
319 662 432
545 566 254
24 920 682
628 70 642
18 33 871
232 187 746
781 355 687
963 527 236
249 577 715
264 632 735
951 669 653
349 214 52
819 237 653
125 600 261
426 551 236
150 51 126
78 14 277
855 262 825
273 245 846
154 914 482
695 982 517
803 520 255
270 245 45
804 369 196
809 794 182
281 662 696
108 458 504
180 313 909
828 305 24
828 458 632
777 153 811
659 675 519
495 944 733
914 467 798
933 276 584
222 276 838
560 383 948
630 281 799
961 827 104
257 655 302
466 152 45
376 529 737
805 24 678
479 937 119
958 870 967
232 810 811
886 89 72
999 718 730
862 680 962
30 655 908
654 121 755
868 215 723
758 20 363
310 217 422
48 175 449
780 125 975
787 12 345
178 729 412
566 591 438
782 620 446
373 992 419
114 579 167
384 337 560
677 366 978
626 413 922
165 193 624
514 980 624
951 876 518
825 442 808
380 943 245
307 316 186
355 148 323
335 531 746
335 926 131
269 553 948
378 436 517
330 949 647
293 619 114
703 445 943
704 543 152
44 849 296
375 204 482
285 539 783
969 873 211
301 142 538
46 238 916
982 286 321
618 578 743
130 999 299
801 703 74
136 746 866
784 121 92
300 125 624
347 94 669
320 114 205
564 159 208
244 859 951
873 196 407
841 44 95
253 844 820
208 698 532
12 483 62
737 501 86
3 847 349
858 167 980
575 449 927
249 693 58
489 285 371
744 126 979
281 379 176
240 305 467
944 35 442
488 490 990
875 492 839
75 70 901
387 363 715
857 330 899
905 537 421
149 282 377
435 562 416
565 801 612
113 745 478
861 234 809
112 827 230
927 901 408
909 288 899
60 863 912
902 768 747
31 916 812
3 351 553
353 634 436
445 466 698
852 46 47
468 875 569
295 521 964
909 431 507
887 209 180
913 830 336
757 860 401
602 581 353
9 652 719
934 97 966
325 667 535
948 135 118
118 430 203
188 339 41
264 944 346
203 857 369
628 334 530
969 654 205
99 381 161
862 315 361
528 359 930
521 307 381
109 144 942
935 331 372
193 595 571
658 797 152
673 426 511
547 114 163
721 931 660
546 512 790
774 561 435
216 388 917
805 323 10
453 234 867
763 891 371
930 283 858
432 549 728
305 988 36
559 534 853
846 720 440
492 214 684
163 429 406
259 953 456
123 406 874
862 169 358
836 817 275
237 967 860
469 991 965
632 550 455
307 115 337
21 606 598
15 768 562
395 745 225
817 867 903
191 448 222
456 4 333
723 240 396
538 427 276
342 59 985
398 84 312
892 104 209
601 836 758
457 232 933
266 767 389
199 676 994
19 133 821
655 855 728
978 393 442
574 453 702
157 850 8
135 462 151
437 63 816
227 238 759
761 503 436
881 420 720
169 438 321
459 811 513
707 790 156
663 83 213
115 240 492
649 93 328
7 530 319
481 475 730
624 954 785
253 554 386
557 723 458
994 900 981
5 608 703
127 989 603
421 105 960
565 472 789
171 478 299
557 677 599
181 301 269
307 272 50
571 829 286
273 542 797
504 265 663
526 111 677
630 531 891
973 96 312
128 984 444
531 541 452
408 721 448
240 746 865
344 36 128
171 308 205
897 530 961
951 56 550
994 685 185
860 377 709
198 224 97
14 754 371
507 162 260
301 120 548
85 463 324
698 633 45
571 250 43
990 919 670
239 913 230
18 492 684
891 689 171
468 703 638
304 210 387
860 229 336
881 313 236
937 729 670
632 10 4
300 249 595
90 266 504
975 876 690
85 344 301
947 648 492
410 227 358
273 109 468
317 46 596
713 347 652
78 697 244
361 996 272
276 804 272
682 780 305
497 864 819
14 531 183
740 940 656
413 931 138
399 966 304
833 680 549
567 476 916
311 837 426
22 831 660
280 514 950
132 11 170
47 742 604
609 482 343
118 895 370
15 13 272
676 845 71
403 413 255
108 442 530
246 464 842
189 462 343
629 312 722
934 359 688
489 686 675
983 803 98
409 537 72
801 931 895
310 335 516
295 161 234
835 126 967
208 314 987
811 661 302
145 596 83
220 85 512
776 787 891
666 196 415
849 715 387
596 26 2
475 39 231
514 874 148
17 82 764
980 892 29
974 37 111
47 974 317
804 470 638
84 136 795
619 703 58
86 18 499
605 211 724
285 724 613
91 740 360
927 439 603
145 133 121
957 897 599
574 701 361
976 784 856
575 403 859
608 207 561
384 811 180
917 97 303
606 905 542
95 551 237
195 696 40
50 653 34
878 227 730
896 204 722
330 497 426
904 823 226
777 926 477
579 843 408
824 169 871
810 263 925
672 176 951
666 943 763
557 541 324
867 437 329
961 485 220
896 389 757
320 884 736
554 183 232
603 7 208
276 535 23
780 207 633
700 591 156
273 866 896
790 733 509
231 414 907
168 310 243
927 348 135
614 620 409
144 941 719
841 217 960
239 997 718
812 697 682
49 688 235
824 478 460
756 708 725
173 875 159
696 803 637
105 136 337
695 279 316
12 838 794
862 795 697
919 608 679
287 375 150
802 199 138
769 673 970
868 564 867
995 261 288
471 84 617
567 498 437
604 509 955
857 371 193
827 9 136
493 296 939
566 816 850
835 304 376
812 890 777
384 885 646
758 76 765
986 642 895
212 964 106
275 821 357
852 367 366
37 579 517
315 863 45
791 698 57
659 510 333
92 894 679
784 371 84
280 358 884
272 288 98
492 563 464
82 134 85
399 170 937
730 484 873
877 993 30
47 653 730
106 463 486
488 966 289
226 246 108
325 236 379
387 727 407
989 528 385
959 645 800
226 376 240
637 971 608
464 19 929
801 842 331
751 330 810
354 275 483
32 599 244
997 985 904
245 975 818
344 653 351
613 878 372
85 234 277
549 417 473
386 936 292
685 688 414
950 42 921
898 791 401
363 508 247
992 471 979
150 815 681
952 428 290
848 512 677
716 779 929
321 165 71
768 568 291
264 237 526
752 135 235
839 217 445
630 209 914
116 78 377
253 30 930
987 596 868
675 313 446
497 633 946
537 120 344
702 383 803
908 853 803
344 692 941
567 42 472
980 157 860
209 409 808
583 397 687
469 790 126
853 287 301
402 543 150
237 245 440
590 872 441
797 216 851
220 501 971
851 482 780
560 690 310
17 274 499
70 461 375
153 314 219
588 434 804
144 671 716
82 979 537
591 776 149
512 996 997
474 847 345
592 127 921
838 143 303
480 930 414
912 802 994
350 390 46
330 252 208
273 333 338
807 643 536
275 873 797
525 67 240
975 658 725
117 215 411
249 695 631
842 326 568
469 394 170
248 723 937
978 714 310
407 240 432
331 515 153
251 758 444
737 734 788
68 569 493
541 536 59
945 98 564
869 285 874
902 532 144
188 229 442
524 354 303
222 685 229
511 654 920
149 110 15
881 178 491
110 718 298
752 663 202
719 252 548
799 872 381
601 778 260
836 21 875
31 960 56
738 472 655
205 339 209
405 220 793
892 48 817
635 799 265
755 238 703
879 755 300
815 356 994
699 911 92
936 941 83
577 679 414
871 884 233
994 8 679
295 619 892
595 254 636
995 727 473
366 606 277
608 422 543
348 839 361
827 494 385
267 789 548
896 379 416
864 374 355
52 668 856
5 981 864
757 695 285
466 61 17
648 388 90
187 454 115
635 281 670
744 266 458
251 162 838
641 26 665
476 795 83
930 800 910
356 557 464
509 742 97
269 390 107
168 576 839
625 930 738
575 674 532
34 643 988
589 3 40
518 478 16
833 127 158
849 483 453
561 991 22
52 978 845
648 147 111
698 490 182
30 783 146
346 535 902
823 124 513
326 641 686
343 194 627
441 43 553
534 322 748
368 92 227
592 739 433
830 438 480
997 186 390
558 531 971
760 354 62
965 399 677
367 741 548
176 901 288
905 435 7
626 802 155
325 114 188
889 943 594
942 940 166
870 259 331
85 942 655
939 309 69
707 203 83
517 108 149
367 733 993
309 777 106
990 666 303
827 327 765
850 825 991
405 414 881
750 498 948
775 437 229
541 862 702
927 98 921
747 465 983
370 773 764
824 482 48
940 310 315
716 160 601
989 283 933
240 33 668
151 526 186
651 786 36
73 713 855
602 179 3
584 268 634
623 810 934
766 751 850
236 186 899
249 175 809
675 133 912
318 283 860
397 652 75
58 443 991
816 46 757
39 348 716
753 970 677
669 455 591
893 690 574
278 657 616
383 51 301
520 368 872
183 765 613
351 541 874
231 357 278
9 396 808
54 867 579
909 536 640
234 430 655
463 426 578
147 808 987
401 328 903
936 230 862
125 580 899
474 529 222
587 257 184
329 310 66
478 937 155
83 890 3
97 353 508
767 218 128
488 618 124
296 274 61
868 398 309
701 590 915
172 177 282
475 224 829
926 420 882
633 503 734
488 599 607
769 85 116
858 291 267
993 587 930
359 174 70
22 874 560
214 764 381
662 239 988
140 884 15
273 517 398
15 6 847
109 493 587
139 351 957
787 63 210
428 140 855
185 162 496
812 375 352
54 756 608
518 614 328
403 605 370
508 619 737
213 727 936
719 865 446
517 372 391
620 518 182
897 703 129
49 234 498
401 7 569
992 524 819
468 645 833
898 154 696
333 85 662
261 803 198
975 40 571
35 659 766
952 556 499
31 323 681
203 724 693
131 716 226
391 903 941
256 801 589
739 852 368
668 831 217
182 807 91
784 560 903
624 231 157
167 262 402
381 183 287
881 314 123
625 423 236
15 679 996
275 137 491
901 524 306
50 705 589
955 208 378
520 551 560
360 436 614
523 816 37
128 698 750
168 42 571
111 56 35
292 331 485
326 950 935
191 718 582
300 673 349
250 911 1000
150 272 385
30 513 538
93 640 446
468 808 390
985 637 608
182 648 687
234 973 51
808 882 212
14 150 857
489 300 752
400 48 698
128 140 334
272 327 485
458 312 34
418 213 681
427 165 916
105 972 692
500 779 301
568 511 769
266 718 358
236 119 681
717 964 480
558 955 151
207 132 968
212 268 614
145 413 277
489 517 244
995 17 95
122 303 180
678 568 552
971 522 893
312 240 796
792 797 353
599 5 658
437 934 614
205 79 611
138 567 51
43 282 145
445 122 208
78 518 744
429 489 562
616 800 302
487 312 353
313 629 848
270 784 172
494 989 358
849 845 320
440 887 103
47 51 7
674 847 152
589 994 895
26 329 621
420 816 808
611 129 254
245 118 280
93 611 850
738 180 241
670 619 48
601 385 365
373 59 724
942 366 676
720 110 114
298 529 536
905 859 294
860 104 46
881 196 757
329 653 36
621 42 637
800 361 353
468 733 743
700 676 549
927 396 686
483 412 805
573 36 908
510 895 194
284 496 187
668 824 891
950 446 330
851 964 902
138 151 319
201 851 379
348 778 329
605 979 789
392 271 270
37 780 321
785 782 278
167 450 286
201 400 640
276 252 387
430 108 893
318 27 584
319 374 432
715 979 254
242 90 585
803 126 718
979 629 700
650 795 637
864 995 214
243 989 770
586 420 658
798 456 268
861 775 852
421 209 96
959 451 804
768 972 884
76 670 880
447 321 332
706 903 776
365 147 247
993 451 997
729 249 992
491 828 315
64 967 942
616 926 364
257 694 498
742 769 370
139 935 256
767 360 793
672 724 269
286 717 126
319 165 904
808 655 186
790 718 107
700 53 272
61 310 265
113 770 156
834 627 643
595 394 67
259 67 993
788 352 190
767 671 315
714 198 987
207 706 57
667 407 622
53 186 836
570 298 582
856 850 93
78 445 698
377 704 174
119 211 471
577 696 232
918 410 449
914 336 788
347 3 543
551 773 725
65 62 182
349 917 989
978 713 751
283 808 910
373 926 86
814 222 757
645 858 825
392 491 829
126 838 875
985 108 587
31 173 228
92 240 955
4 218 760
361 219 63
140 591 206
848 124 380
253 487 897
785 878 97
654 723 35
243 708 684
324 457 528
467 267 148
246 271 340
19 350 802
319 208 354
265 56 524
151 27 837
894 812 95
130 466 436
921 427 403
821 751 720
611 936 568
360 182 640
325 200 334
228 238 912
441 502 810
777 371 786
319 265 15
739 395 678
164 316 297
733 137 811
759 748 95
771 108 455
53 151 3
403 98 800
960 538 756
573 34 250
931 352 882
102 92 397
456 973 533
519 426 324
51 903 595
238 674 549
886 446 526
454 848 974
977 527 951
721 818 980
835 750 897
215 570 797
987 27 171
795 264 68
740 33 911
151 270 917
388 875 724
775 48 370
978 26 766
438 465 425
930 301 781
493 515 200
866 502 62
213 298 664
703 756 464
815 906 262
602 294 511
553 787 861
352 765 816
396 203 131
259 851 406
308 345 523
209 929 230
573 860 60
201 282 336
861 97 5
229 699 318
471 252 450
479 323 76
513 437 796
12 414 291
529 722 459
561 649 448
95 223 76
364 423 114
669 3 473
600 949 420
825 420 678
556 618 617
52 131 706
469 860 720
738 389 737
351 949 660
612 762 901
451 126 419
853 795 735
71 114 756
986 657 346
872 213 364
82 983 626
446 452 614
942 190 85
443 260 209
311 590 919
401 41 276
632 612 966
866 682 345
51 668 380
373 541 222
32 341 596
102 505 1
750 447 374
787 608 231
492 637 315
958 756 406
551 389 264
657 973 715
877 742 528
754 833 30
281 864 837
73 684 710
35 434 665
904 939 493
35 431 503
472 109 945
669 659 591
760 317 823
252 912 747
130 666 710
549 946 425
27 737 167
10 490 899
158 395 411
632 148 557
26 619 609
894 289 546
869 767 332
818 737 312
510 866 217
35 134 268
423 161 62
496 888 949
722 46 304
887 396 709
202 141 831
344 753 74
145 622 54
699 160 485
447 669 598
579 703 424
376 126 446
910 341 430
654 63 336
791 668 64
77 588 413
980 650 31
891 513 509
288 212 372
140 658 719
576 955 907
147 332 64
877 960 357
933 333 684
35 125 455
532 201 931
169 181 367
559 790 662
290 796 145
180 935 481
738 511 532
999 377 919
823 254 703
988 906 831
652 940 960
984 472 150
904 641 583
193 200 332
994 489 98
9 668 69
680 125 843
26 842 842
703 665 863
778 372 336
467 25 948
281 727 761
13 631 541
644 542 614
783 537 544
1 545 702
589 943 806
408 968 114
884 390 42
53 168 593
126 354 156
140 634 185
907 365 962
752 727 854
79 511 225
330 511 868
250 818 319
293 227 757
897 829 454
167 600 110
526 726 557
629 584 754
458 210 907
918 962 245
639 41 453
896 370 980
417 338 247
599 350 95
749 247 365
9 413 977
155 938 913
372 567 472
224 26 768
440 662 340
102 20 154
556 634 753
957 769 840
178 368 571
343 835 60
57 563 700
370 717 83
846 89 718
188 312 140
739 470 663
244 846 147
324 803 255
23 981 78
789 43 428
802 99 55
228 187 420
29 33 80
397 221 139
228 678 505
720 369 125
950 331 100
814 654 113
447 676 59
166 184 32
720 985 99
836 931 886
108 960 655
467 76 231
856 304 381
435 742 443
585 693 922
300 507 572
818 954 582
36 838 524
296 558 159
93 114 836
357 221 988
653 406 36
608 980 416
241 416 494
242 719 760
292 20 8
996 556 197
378 591 404
661 606 407
929 698 262
130 773 388
9 145 864
963 752 533
939 992 194
658 952 27
70 963 780
707 959 565
298 337 793
446 716 494
871 646 767
128 494 497
605 222 690
206 185 930
506 124 243
503 501 425
657 570 396
829 277 79
558 294 409
315 458 259
677 48 437
175 176 778
726 499 972
141 423 55
27 929 442
905 151 979
174 807 777
686 637 842
876 913 724
404 228 178
86 623 609
412 797 984
233 242 690
993 101 591
657 128 922
445 751 524
451 924 129
28 329 163
319 205 543
902 328 709
663 413 210
191 543 460
892 776 307
812 488 440
873 864 493
582 309 708
441 478 509
108 506 291
130 824 837
783 445 554
383 109 701
324 299 714
62 909 723
759 440 51
277 313 751
920 894 265
753 336 627
509 162 558
313 11 955
321 512 190
94 614 791
279 937 367
725 718 901
948 196 436
378 472 560
671 112 900
991 864 978
789 373 922
812 685 599
377 724 847
387 817 77
224 814 498
359 540 274
404 207 7
888 303 487
404 692 912
533 683 285
997 191 819
343 721 803
697 817 75
283 204 890
763 428 950
900 786 615
754 908 664
804 796 443
46 919 54
397 452 113
332 169 246
639 511 12
350 926 420
504 928 955
476 691 464
980 310 961
743 783 345
712 306 405
702 351 699
665 467 830
30 798 424
303 437 106
17 786 475
547 291 376
1 485 237
599 184 557
984 926 312
997 357 804
806 59 873
253 723 781
151 471 165
936 492 139
232 509 209
173 774 450
760 774 751
40 374 765
347 77 402
437 792 381
832 598 440
298 569 336
230 439 181
959 375 869
126 606 114
516 498 983
196 258 136
80 297 35
146 362 640
857 798 1
924 350 520
769 647 249
336 596 664
93 555 893
60 400 689
535 915 527
784 829 486
527 908 449
362 773 326
992 630 778
415 273 258
435 42 342
462 97 809
209 189 175
767 966 227
932 501 877
594 285 223
951 531 718
606 611 776
622 603 502
155 736 925
756 890 835
5 352 921
567 280 363
684 47 29
920 978 384
71 292 707
769 243 188
96 848 157
194 189 959
922 344 944
642 818 281
403 541 570
261 108 177
306 510 290
37 149 303
267 938 389
501 426 737
266 521 445
361 715 836
777 356 41
648 997 317
691 400 357
804 660 321
197 685 384
635 721 771
771 706 64
917 208 133
26 192 46
981 271 932
126 766 996
333 415 458
357 824 857
641 628 816
32 824 347
651 178 182
139 668 353
563 585 269
133 610 117
505 591 407
310 436 95
471 768 830
347 843 540
904 484 146
560 516 176
181 885 568
242 24 975
727 306 137
420 438 440
741 661 30
334 690 392
693 879 918
903 226 573
220 849 64
881 409 713
368 308 255
750 268 811
82 994 446
435 133 940
680 874 393
954 208 386
663 619 618
141 523 843
265 61 117
304 147 328
509 896 788
175 696 199
147 132 479
275 530 447
64 484 805
262 866 705
338 7 623
359 467 99
229 450 334
226 753 801
812 980 769
385 156 862
951 21 919
370 295 27
662 77 921
163 57 991
719 114 507
798 472 337
57 420 600
375 645 306
559 176 411
640 560 79
417 231 403
44 600 674
918 263 989
278 144 380
172 379 497
307 435 35
892 528 252
949 88 125
986 727 791
180 862 802
111 624 988
337 542 90
639 539 969
997 479 977
189 651 736
851 676 48
652 287 246
98 236 779
719 223 119
620 121 127
750 231 369
481 567 224
193 924 315
766 641 280
202 829 978
734 399 745
420 51 531
634 866 995
653 305 546
119 924 615
445 393 252
396 874 188
607 785 57
357 271 592
304 191 962
902 925 311
177 64 377
456 416 412
971 788 187
147 906 845
442 70 243
687 184 665
499 509 552
953 584 927
50 888 62
692 790 45
16 966 979
825 141 404
502 831 156
483 977 1
107 420 66
124 825 422
732 324 942
845 995 290
229 763 747
522 456 290
21 190 15
21 15 805
437 517 301
640 718 400
469 825 69
86 667 559
885 118 409
195 682 28
807 629 6
588 151 10
878 890 998
852 910 699
967 347 875
632 987 360
275 175 703
336 260 146
941 145 2
588 59 877
231 865 993
356 172 765
935 50 588
705 621 792
208 307 430
945 939 360
401 214 231
401 268 812
67 209 172
569 797 253
753 28 696
567 383 952
250 38 605
822 461 79
305 668 474
853 332 441
108 732 732
536 133 767
224 200 458
775 487 860
384 959 704
577 526 997
941 494 747
74 316 304
827 339 718
887 193 863
605 19 802
817 555 887
16 778 966
423 553 40
346 656 338
297 951 852
349 611 698
157 684 463
425 230 939
361 835 258
347 440 779
65 975 85
634 991 339
403 133 359
378 479 751
311 494 210
489 561 39
878 717 195
584 142 755
347 221 842
302 286 246
993 69 52
241 703 377
266 824 326
281 202 111
952 232 139
293 439 702
245 317 898
880 900 734
464 247 927
602 267 339
462 979 124
297 220 519
560 204 137
237 484 723
112 436 613
479 729 715
408 692 22
771 572 350
995 754 339
439 357 248
887 537 854
404 833 594
623 393 510
385 348 256
349 459 288
263 657 814
615 783 225
4 554 67
573 268 94
826 707 796
347 313 122
565 716 123
3 58 175
643 442 604
487 510 223
485 491 172
212 107 800
349 110 709
776 401 631
957 945 846
496 12 692
289 576 996
915 579 276
371 940 669
175 427 896
438 630 625
794 560 515
216 908 643
909 684 358
589 642 351
976 856 516
394 145 410
247 778 627
156 868 676
944 43 515
243 199 433
33 993 593
646 927 573
89 555 437
649 144 928
156 838 897
392 951 114
205 198 52
314 72 887
83 735 926
997 977 38
823 10 100
927 656 559
659 463 475
76 112 831
851 268 119
484 659 88
698 582 381
690 896 626
270 697 490
891 694 572
430 236 794
962 164 725
140 541 8
872 616 352
748 468 460
181 670 847
565 368 921
583 776 662
673 46 745
217 655 387
738 86 670
269 766 889
892 905 616
978 777 289
457 244 538
641 425 908
484 708 216
908 291 161
948 683 335
404 899 309
553 637 826
938 624 985
924 516 993
733 494 379
876 670 623
487 30 546
486 513 884
852 421 721
713 88 331
620 210 555
901 763 963
985 420 54
836 64 846
311 796 404
562 391 78
776 877 328
415 363 1000
480 933 366
836 646 89
593 985 911
531 605 572
825 309 741
743 145 305
895 174 232
261 736 810
296 231 928
360 646 493
655 844 720
91 680 473
332 992 87
782 523 870
996 67 704
68 528 516
483 143 708
132 403 953
452 699 225
87 777 422
84 152 427
732 960 311
27 292 406
744 74 618
66 788 260
696 855 35
191 57 491
858 188 383
980 358 437
333 444 332
769 527 66
331 259 709
10 5 349
681 748 600
875 813 683
573 510 688
81 700 273
449 558 19
939 257 385
128 589 648
812 77 302
648 407 768
163 136 520
968 816 292
848 410 10
235 982 672
757 782 850
56 949 899
542 888 771
386 17 42
392 828 135
925 196 826
718 77 427
233 46 47
215 612 303
10 846 103
33 322 536
474 378 740
473 638 803
447 742 456
10 134 734
368 60 703
134 496 71
752 447 889
906 661 405
469 389 5
733 421 24
779 894 439
494 86 268
97 532 895
715 261 616
599 628 787
679 761 176
554 233 950
474 139 106
724 607 299
820 60 906
956 838 774
190 332 155
778 147 465
110 580 803
293 180 599
254 577 381
710 131 577
332 323 937
334 47 412
725 585 455
256 260 953
680 168 647
628 946 337
390 774 832
130 67 216
217 320 840
66 748 126
864 798 666
802 133 160
66 576 668
107 831 213
985 230 235
915 858 704
992 966 163
368 814 579
922 32 442
54 97 575
34 679 983
55 481 420
122 265 536
773 371 940
403 76 54
382 701 96
618 787 291
639 709 271
979 481 64
786 233 599
392 287 811
847 408 817
598 899 717
179 303 465
708 940 59
96 323 834
168 659 623
55 299 991
690 278 427
423 65 110
834 456 3
726 22 319
321 619 375
287 517 734
46 225 630
514 40 119
684 925 11
360 979 235
744 670 584
329 93 281
147 926 12
969 371 197
200 411 18
330 416 120
200 461 908
292 975 763
143 378 484
934 737 715
743 481 725
830 810 578
699 675 872
743 644 417
527 562 86
929 611 891
849 810 649
993 820 121
177 963 789
4 616 627
810 79 977
724 908 266
730 326 603
381 787 694
122 314 858
272 244 116
838 93 905
584 804 856
305 699 86
122 702 605
956 232 704
709 955 262
273 686 912
229 67 720
548 188 532
429 179 364
639 17 392
378 319 171
937 623 815
179 463 159
755 419 566
128 846 112
409 119 725
734 67 572
846 614 127
991 43 122
99 400 800
298 777 809
20 715 621
721 612 24
844 86 996
916 214 513
226 341 194
658 75 640
158 920 897
844 912 174
428 729 586
664 47 143
923 487 229
364 50 954
223 965 671
646 910 697
189 568 239
797 725 369
738 288 969
440 715 402
541 461 412
420 125 169
731 766 838
374 130 226
821 352 250
200 998 726
919 905 674
431 422 720
145 878 640
1 859 20
819 997 439
123 448 136
912 821 780
751 361 72
275 280 523
707 917 326
427 348 825
872 212 564
324 138 67
490 138 623
836 676 974
308 798 909
264 430 656
68 181 874
224 174 232
815 600 427
313 27 697
231 898 411
28 940 241
861 431 939
274 267 566
683 293 994
540 556 707
936 343 282
413 285 970
887 101 847
279 413 586
737 362 260
406 109 506
931 688 934
595 680 211
652 363 478
508 621 872
793 277 523
978 689 150
56 577 628
14 574 986
716 311 49
37 436 27
298 86 690
988 399 366
665 52 970
635 559 468
879 72 162
466 768 629
337 823 101
28 555 4
848 989 385
32 27 304
42 324 705
740 31 525
119 696 683
578 50 468
659 928 641
735 113 132
501 168 558
561 195 821
914 762 154
579 512 169
397 554 75
582 13 454
885 131 219
239 708 848
870 87 916
573 821 593
481 41 380
493 321 258
497 235 563
772 532 991
791 929 273
853 230 98
945 115 831
452 354 146
8 942 509
491 235 81
805 715 492
568 927 193
963 424 539
121 914 916
790 425 274
731 278 21
404 941 35
206 393 645
716 400 670
750 890 455
606 695 427
221 981 846
156 945 884
44 784 344
464 574 97
532 25 570
830 428 216
243 633 605
446 69 288
591 537 828
971 143 169
67 82 690
807 237 353
971 281 720
769 744 76
273 995 751
491 825 490
650 786 476
202 232 205
153 822 185
712 512 850
685 578 689
359 385 248
695 76 768
816 844 812
231 836 6
668 327 722
971 696 698
907 897 874
630 769 976
889 481 105
729 885 41
932 244 627
91 657 748
430 704 479
46 91 105
485 62 545
711 687 107
886 317 725
603 925 578
114 654 483
639 586 833
268 395 981
254 923 997
521 73 605
905 836 611
54 321 154
898 750 707
640 356 828
869 958 348
579 790 820
175 429 582
450 697 231
664 669 888
71 190 363
899 813 662
538 585 210
238 483 354
343 841 670
765 710 133
831 9 553
552 901 264
577 351 950
996 734 6
777 523 586
630 423 168
319 679 857
48 635 548
245 977 53
797 462 742
308 293 194
609 563 595
59 140 74
204 855 314
737 351 311
459 981 22
432 300 57
271 66 273
311 29 673
193 825 787
223 852 314
260 461 75
488 723 212
230 179 763
494 356 255
182 787 53
266 58 368
985 88 551
401 998 977
278 221 777
166 481 503
617 679 124
927 885 236
810 115 197
45 327 944
260 508 646
494 493 509
231 197 82
277 597 121
867 593 662
310 758 956
932 376 245
74 303 954
656 831 396
417 876 234
252 854 840
874 67 272
555 297 154
41 574 510
244 160 126
949 470 20
572 121 561
593 194 750
498 849 150
237 984 820
302 236 718
593 829 247
97 103 72
795 861 446
92 106 993
698 773 842
64 345 495
523 937 427
4 155 521
316 391 973
222 692 431
982 4 891
810 100 510
934 895 73
351 705 701
645 122 407
410 904 499
13 427 220
809 150 525
173 184 161
240 405 657
261 388 909
111 198 835
781 850 590
594 201 739
232 564 56
641 973 911
396 705 216
526 233 721
809 405 927
484 363 654
568 342 322
656 171 474
563 951 885
83 546 1000
308 777 163
373 418 865
623 533 951
19 777 200
283 586 132
729 70 73
581 638 451
820 13 510
975 575 109
980 377 618
186 403 793
393 775 41
573 398 211
458 135 523
294 136 853
534 865 363
575 165 412
240 985 556
793 960 631
298 941 281
68 845 541
613 238 818
15 810 374
948 986 424
659 280 690
956 533 801
42 108 410
764 66 191
499 858 617
528 875 571
933 661 108
460 274 40
43 8 229
460 955 979
13 615 487
419 290 886
690 331 952
844 95 782
703 312 591
522 559 134
1 492 85
324 952 180
323 713 868
851 174 303
366 186 358
878 323 590
643 731 657
515 575 674
452 278 196
966 518 854
75 518 280
562 561 13
605 883 870
373 453 577
815 818 909
872 416 555
219 59 667
614 573 7
822 743 764
343 429 556
421 503 303
429 784 466
63 480 440
627 15 810
97 886 679
887 106 285
410 438 579
507 261 694
319 322 221
930 461 645
779 890 49
188 279 965
199 60 260
944 687 237
945 502 957
643 389 656
118 517 342
165 742 393
954 62 652
174 710 325
895 208 690
120 396 111
451 594 107
980 257 957
525 920 570
674 563 204
928 680 527
339 844 895
11 799 73
3 972 320
175 586 585
518 424 39
859 593 765
978 292 257
784 535 974
810 209 944
225 137 453
875 476 77
550 205 567
4 207 143
168 101 801
259 618 941
744 196 879
543 174 875
599 676 868
294 486 816
551 711 724
926 586 935
428 854 841
165 858 446
593 744 73
325 721 763
481 466 276
947 9 420
425 326 801
719 338 338
940 608 588
298 534 77
569 680 698
325 564 229
725 157 989
507 481 561
626 680 337
659 628 81
584 771 400
186 490 269
274 149 334
72 166 343
893 734 430
851 777 808
104 503 972
819 10 426
257 354 760
159 731 203
788 316 981
182 501 611
912 774 258
251 565 351
841 458 120
113 28 110
947 850 765
657 669 509
848 925 106
438 85 829
374 591 803
81 491 828
996 403 592
780 372 36
728 214 884
411 326 888
589 992 926
270 649 690
678 216 387
441 372 59
654 745 786
900 545 318
648 541 573
608 40 586
132 768 53
832 179 699
561 486 34
857 755 381
823 433 815
434 593 149
846 965 883
850 865 52
65 233 562
400 840 24
107 690 787
28 523 323
992 802 741
231 659 509
555 202 135
96 635 77
9 481 163
385 51 548
306 833 410
486 951 693
706 58 80
694 85 159
298 77 465
668 26 276
231 300 632
227 395 272
533 122 254
524 506 716
749 17 251
396 722 538
732 136 831
592 433 886
253 820 734
573 769 757
813 995 473
407 248 677
482 490 605
325 869 658
720 618 47
347 732 147
469 464 391
676 774 805
959 28 130
705 319 874
33 133 522
473 539 152
35 739 926
821 65 743
420 784 364
34 849 833
89 319 230
997 994 712
340 672 745
938 377 956
307 409 327
671 600 129
719 354 617
539 175 505
945 594 120
689 347 360
164 435 467
821 152 919
254 491 305
712 148 711
209 455 188
837 844 266
724 563 916
350 820 94
758 766 811
950 455 760
710 337 439
789 159 239
861 131 316
325 561 800
165 770 267
132 326 887
699 768 163
339 836 374
154 313 613
562 263 892
36 692 99
943 481 760
722 61 586
990 385 26
126 268 682
715 119 880
867 536 454
864 875 314
400 29 670
701 309 639
176 344 582
986 6 965
675 446 411
212 437 871
310 281 57
896 715 211
528 582 894
927 446 374
881 845 448
149 546 574
398 721 215
619 427 810
41 820 596
522 32 242
107 61 547
678 675 128
368 921 871
313 848 292
413 449 762
979 316 543
853 713 580
790 333 973
732 92 129
838 332 986
382 157 272
924 835 964
182 921 647
302 234 772
306 366 6
270 916 797
105 706 278
86 157 777
604 714 352
436 96 226
765 738 806
770 919 950
977 939 257
470 246 747
131 401 572
388 670 657
77 493 866
648 901 490
530 56 743
568 821 367
441 591 841
953 287 388
700 475 650
706 711 91
517 507 447
752 324 727
862 690 706
687 220 425
606 506 804
982 946 158
558 619 485
792 319 557
272 569 82
870 993 727
857 229 991
57 980 504
552 562 690
667 249 606
556 573 475
267 555 456
286 114 849
311 624 558
529 615 682
71 204 144
605 62 599
365 836 266
167 388 205
940 773 610
371 329 871
307 595 708
190 600 312
410 629 70
668 158 336
213 946 442
33 552 181
800 635 1000
548 802 977
576 461 817
852 831 296
420 856 571
824 765 446
779 893 110
359 280 767
552 493 850
668 525 438
845 325 521
577 591 305
696 167 480
588 737 651
528 876 644
781 419 267
634 199 368
116 557 503
473 827 355
776 496 419
351 60 292
279 637 593
9 333 524
636 640 696
95 886 34
409 667 541
489 20 881
181 135 827
433 326 715
897 102 985
605 171 817
637 449 915
979 176 903
208 811 596
891 905 346
170 34 371
148 241 468
44 421 98
495 572 675
212 469 400
424 74 712
415 430 129
42 409 957
439 335 377
476 944 689
399 114 887
426 980 886
472 24 405
652 237 298
876 449 273
921 591 394
137 724 658
519 485 657
796 923 913
604 400 475
36 798 374
500 943 152
205 415 41
49 786 220
464 381 754
349 302 275
27 157 305
133 395 757
367 909 885
936 513 933
887 548 950
951 766 305
996 970 169
782 19 288
87 202 40
277 550 175
340 576 54
845 709 508
835 76 141
748 730 35
62 617 876
610 288 552
383 284 946
289 784 168
700 871 514
773 866 608
866 924 493
835 769 881
199 323 428
191 790 48
695 570 917
466 180 58
4 281 974
231 569 706
195 987 824
360 760 81
75 346 105
85 899 550
803 817 526
317 8 564
279 421 301
857 886 982
724 609 615
311 558 368
682 752 530
924 830 490
752 904 424
504 989 385
25 511 583
306 546 807
658 824 91
18 682 662
837 125 72
656 154 266
763 836 115
857 479 132
430 231 925
349 734 689
885 478 304
239 783 847
318 161 67
536 178 530
640 16 645
73 390 386
780 871 161
241 728 441
530 159 660
443 226 272
64 111 532
914 349 261
592 385 725
531 920 224
153 279 92
616 351 295
952 132 199
125 91 39
776 339 303
377 782 415
711 564 463
524 478 325
120 788 863
875 320 463
527 191 490
913 806 17
689 478 308
55 602 830
149 97 362
838 473 533
35 185 31
60 427 862
152 546 874
347 140 132
462 385 166
138 298 972
601 986 936
914 42 218
318 908 961
60 747 122
303 781 27
828 560 856
550 430 221
61 777 494
609 239 954
67 95 990
331 414 246
72 328 626
134 645 816
12 424 469
643 726 351
896 273 925
857 822 867
801 602 38
884 929 900
352 996 1000
118 46 1000
589 835 913
101 969 862
240 980 914
126 342 601
793 956 305
457 532 888
551 333 222
141 217 142
688 287 110
49 405 153
104 993 503
924 812 80
672 771 845
561 896 919
177 408 384
501 865 391
648 135 512
397 276 944
513 682 288
624 730 886
781 552 631
773 477 205
453 867 70
831 428 46
270 323 837
664 824 718
590 472 203
567 588 682
760 101 54
958 724 22
562 224 586
876 996 305
4 449 97
620 998 171
134 268 185
55 931 90
840 240 773
760 806 808
394 285 336
708 244 819
753 805 408
69 681 607
579 404 845
956 24 616
480 875 188
46 929 298
435 769 982
734 249 457
620 642 312
326 69 188
474 540 322
845 327 345
932 905 460
469 580 440
722 779 332
524 824 322
695 978 481
107 712 658
324 332 239
544 376 277
9 568 499
277 414 784
945 65 142
736 252 315
551 973 179
241 217 270
578 911 324
685 18 466
41 60 855
475 604 476
978 331 497
22 607 327
391 272 924
104 8 779
678 558 861
749 517 708
645 96 969
238 780 627
542 540 136
179 733 513
909 711 945
208 451 106
639 561 339
135 664 751
600 61 487
321 810 876
976 174 889
263 131 710
566 672 995
647 569 982
52 197 653
67 405 152
127 762 968
177 615 538
516 215 231
850 255 523
701 949 739
367 212 849
531 496 22
235 144 762
390 195 246
257 979 324
294 825 674
890 2 867
870 517 386
911 86 90
480 506 686
223 591 848
814 122 848
79 75 527
630 464 45
378 721 51
531 733 1
164 623 233
131 213 851
31 124 691
185 603 278
7 545 204
759 78 530
290 874 898
400 504 994
986 882 117
552 132 771
661 14 275
771 862 167
399 892 677
831 77 32
487 802 617
734 561 336
102 569 508
263 969 244
887 674 495
951 944 584
748 605 185
886 376 163
238 494 257
430 44 906
226 249 149
285 982 833
422 803 804
433 66 294
666 952 995
501 622 309
185 370 588
882 974 65
443 930 941
614 80 555
580 305 240
349 309 497
397 449 558
732 600 673
38 266 483
734 485 104
657 670 306
621 552 67
961 713 203
514 327 389
828 626 8
392 974 677
656 90 435
723 540 85
855 296 223
658 31 398
83 406 491
595 27 390
800 707 904
936 221 995
870 50 567
110 160 121
375 815 489
90 257 474
403 112 723
701 488 581
485 289 5
656 602 286
380 402 137
817 58 850
300 927 978
127 755 761
646 131 399
255 938 449
403 341 935
566 761 987
759 246 412
77 901 163
140 282 10
908 817 804
898 835 637
375 961 163
292 326 764
461 580 522
886 701 874
423 268 41
166 745 773
197 541 208
548 399 440
302 307 372
112 924 646
287 299 532
499 310 150
278 770 340
277 657 224
54 80 227
872 964 929
655 879 335
461 729 715
680 559 674
454 846 992
906 64 78
966 341 682
324 336 955
102 389 479
147 261 593
656 634 60
424 411 41
591 871 898
783 270 434
181 723 286
314 630 616
39 315 892
533 357 282
122 459 365
789 605 827
422 979 442
652 123 472
591 713 5
696 496 412
360 395 44
589 708 79
599 465 723
950 997 611
357 837 671
152 627 777
644 49 856
771 700 300
309 10 838
436 705 240
833 783 179
391 372 295
578 690 368
80 359 81
656 715 386
692 585 115
52 230 156
109 1 624
289 29 559
899 464 858
725 16 955
944 406 486
591 983 68
984 781 944
812 438 746
477 848 840
769 618 699
827 445 820
305 733 675
790 352 564
700 77 953
393 21 535
894 612 738
368 315 286
918 845 492
184 41 675
753 809 963
271 356 563
508 660 776
772 169 790
220 868 845
683 979 767
989 874 907
279 242 632
69 160 374
296 62 519
90 534 532
782 804 570
639 312 960
947 85 909
607 304 273
62 705 360
255 694 6
779 692 575
336 760 66
738 775 224
181 583 537
151 366 55
196 723 300
899 389 244
491 995 506
951 775 37
672 748 373
704 527 250
259 863 657
410 320 86
622 500 211
88 369 345
638 283 403
937 901 160
322 392 757
10 343 686
839 733 769
364 437 210
299 414 695
994 823 598
901 165 733
673 252 687
248 608 679
231 866 967
349 594 445
523 434 866
165 516 533
52 815 74
520 528 204
308 429 497
314 821 490
407 69 237
65 333 741
342 282 247
730 631 610
461 872 868
924 755 393
544 525 785
297 45 53
872 71 282
331 103 387
759 510 360
514 293 602
532 354 624
334 544 668
683 187 142
268 450 520
948 746 494
875 618 367
232 667 517
408 426 336
372 658 150
668 190 680
965 326 245
892 378 289
248 48 646
328 714 269
171 590 101
803 821 286
539 947 665
783 320 474
40 706 158
649 390 962
342 283 496
297 693 331
158 659 156
748 986 811
804 876 643
477 398 990
536 936 886
20 439 43
880 478 62
930 846 565
25 906 440
496 204 2
184 80 743
201 546 184
369 350 169
408 546 64
705 800 739
949 819 232
514 699 988
503 629 743
600 372 741
980 586 269
54 770 4
504 689 295
660 58 708
411 465 398
841 888 299
926 837 427
450 351 905
170 572 592
736 173 99
209 153 271
884 924 792
358 147 465
377 526 452
465 936 747
99 496 339
251 422 818
223 590 521
612 760 567
349 496 167
739 704 761
899 383 732
772 478 739
982 943 243
377 760 954
658 730 964
496 952 206
404 283 965
602 631 39
972 371 816
214 524 620
98 142 102
846 913 261
122 896 451
333 991 69
40 368 118
887 583 24
326 705 691
242 307 63
654 997 589
488 929 892
348 745 763
870 591 316
309 712 705
690 45 677
832 803 218
422 409 498
683 453 741
507 695 161
681 68 924
944 555 494
731 902 868
98 492 130
377 800 369
552 210 181
156 760 518
408 182 695
962 583 567
939 809 801
224 490 84
504 154 935
152 603 623
824 700 304
89 77 886
784 347 820
243 502 526
504 910 474
892 591 686
453 530 206
708 472 448
749 695 999
346 846 102
563 670 521
990 759 273
218 262 712
655 504 864
570 8 300
667 618 517
67 790 960
555 217 436
971 966 222
541 312 811
995 593 423
868 583 482
817 800 765
832 174 748
631 463 652
58 130 819
794 914 872
779 470 907
236 160 358
669 701 512
666 415 991
53 2 802
198 537 478
604 370 840
514 1 116
150 776 779
123 570 516
884 349 883
863 585 679
808 972 551
502 357 656
788 410 514
657 607 46
46 212 314
326 444 534
69 594 653
659 716 893
165 600 211
858 183 396
712 709 21
984 212 897
391 999 149
797 376 258
741 140 989
773 465 89
524 252 208
52 910 869
149 76 591
32 652 281
500 364 648
658 68 554
892 458 989
536 255 755
225 715 681
124 207 958
186 731 701
123 501 393
213 368 548
903 399 400
775 898 981
76 276 840
587 168 337
817 423 633
422 647 126
885 489 129
531 675 878
710 797 26
237 729 817
838 632 813
92 126 707
428 202 222
550 788 254
130 605 656
683 746 981
669 631 922
581 162 566
942 590 472
86 826 509
315 664 619
662 475 731
189 621 843
709 172 860
397 20 68
508 702 924
983 91 461
230 390 636
869 333 151
26 137 100
909 171 680
426 832 289
786 739 611
629 448 782
697 563 842
652 71 422
72 55 649
122 3 651
53 591 8
292 616 393
357 525 327
524 669 974
166 455 688
429 802 42
581 500 346
35 152 198
628 224 636
30 64 581
821 116 597
945 407 508
207 483 526
356 7 919
776 320 266
663 900 626
113 654 210
351 282 998
644 30 98
377 851 496
981 796 344
920 721 92
103 796 67
236 852 614
543 628 991
652 291 332
261 403 829
739 754 256
442 117 261
926 493 847
526 193 373
970 831 878
897 652 746
831 888 246
374 150 418
518 801 654
281 780 653
697 519 259
395 679 164
840 605 244
138 850 151
231 820 392
763 718 492
93 268 722
273 641 200
82 877 839
900 876 320
122 573 149
97 686 378
625 527 402
646 664 419
859 613 124
341 376 905
755 468 532
496 460 971
385 541 211
794 441 585
982 281 623
409 96 230
515 720 369
944 366 535
224 943 156
323 284 405
141 758 733
943 254 32
107 638 719
148 151 153
65 134 632
991 261 768
886 494 74
27 438 443
549 661 727
684 984 319
914 843 61
612 505 27
769 612 64
186 759 364
762 542 597
620 533 263
573 139 389
246 165 726
285 433 398
986 835 823
253 749 962
995 361 994
710 848 242
63 753 916
285 515 304
640 135 325
694 426 911
523 672 430
789 675 417
436 661 379
785 913 71
977 627 523
675 337 820
702 119 330
489 403 557
816 762 835
396 456 933
114 978 923
996 486 599
30 641 689
898 426 861
517 123 529
479 218 138
778 425 211
311 242 883
977 637 713
71 470 441
554 466 496
713 214 572
533 831 195
