1000 5000
828 426 1606
95 537 9332
699 359 4805
626 451 1392
402 225 7519
558 685 4662
390 140 306
234 660 4258
58 977 5078
606 62 5015
802 587 4291
758 624 8106
451 872 3238
669 895 2821
438 619 3648
901 591 5669
351 328 7595
864 466 6925
562 27 8907
422 417 7076
895 592 9583
517 881 1236
798 397 2105
523 136 4093
90 492 2
599 257 1806
495 526 1823
478 641 6045
254 822 5351
459 98 404
882 211 4622
779 497 8485
162 354 6807
574 101 6487
504 935 9148
216 582 7988
521 151 9897
758 680 3938
726 928 4382
883 874 8726
649 249 7318
408 581 4906
313 658 4035
275 34 1957
270 475 1982
614 441 3131
313 167 1607
222 758 4214
694 371 3587
840 945 5634
917 70 1988
854 118 2135
508 860 7782
525 719 7766
536 529 2410
798 437 4018
815 354 6207
88 368 9000
291 292 2222
68 287 7260
554 13 3476
374 167 8858
718 925 851
694 860 3970
861 25 2583
633 153 4757
592 269 3992
172 243 5804
367 402 6184
165 354 8175
623 963 5332
816 601 80
273 437 5542
501 305 5384
286 754 7859
238 858 1062
281 643 8934
367 400 6598
502 348 5825
560 731 2291
923 931 508
968 155 4990
664 134 5059
638 377 3633
173 460 3694
726 861 322
511 434 7174
560 265 5920
685 948 5811
735 241 3597
931 873 5609
544 118 9618
538 828 7072
420 547 4374
594 612 7583
232 427 2293
85 1000 8754
39 80 4678
916 239 5121
327 289 1134
732 298 8112
597 678 800
132 115 6687
250 151 9039
119 117 9630
933 226 7442
345 877 2656
82 500 8658
393 812 3211
953 466 7111
923 341 2069
548 279 7912
865 210 3819
17 74 6586
902 745 8732
871 870 9470
216 66 9162
785 20 7855
15 880 6957
80 618 9370
62 717 4071
817 235 4269
804 295 1160
825 470 9667
269 166 5539
803 472 3992
702 920 9574
408 622 444
444 89 3623
791 89 4611
724 7 641
590 556 5483
366 246 5348
993 741 2840
120 44 3055
461 796 7825
749 161 8367
216 601 9153
375 200 8860
211 35 8859
768 577 6002
748 532 9078
367 960 8034
34 781 6762
63 294 6774
550 875 4197
236 113 4829
261 521 780
451 513 8779
633 563 3045
390 625 5831
152 463 8900
492 423 8451
836 36 7067
572 238 8456
594 156 1697
750 370 6282
944 713 8801
24 732 3955
945 789 768
289 511 8140
406 300 2252
490 582 1135
810 89 1767
291 350 9884
728 894 7852
169 732 2063
210 959 1693
639 256 8603
234 338 4757
510 73 1765
357 282 5378
524 242 5515
943 185 3194
954 40 9986
555 344 1316
949 327 6674
582 140 6108
93 236 9353
126 420 6915
892 473 1913
941 510 1542
753 530 9733
675 871 8248
616 20 5389
940 541 4211
415 674 6504
655 599 3355
424 572 6766
476 736 9104
439 218 1098
200 733 328
855 42 8183
483 32 4010
821 113 4983
201 4 8930
948 900 2191
591 631 1510
581 815 4959
142 687 8058
997 724 8489
772 319 1584
139 768 6732
791 216 4640
695 478 4252
207 640 6452
585 158 1898
650 884 669
579 852 4654
548 809 855
634 437 1713
758 361 2299
411 834 9534
718 230 2835
636 157 4739
438 78 4025
787 413 5768
858 880 699
299 432 3251
880 59 2754
677 901 2103
921 306 122
972 134 5767
366 995 4629
805 13 9980
547 502 8539
39 26 699
36 384 5558
871 876 3867
781 765 7939
321 994 8846
863 172 2250
49 605 3710
318 957 6735
524 779 8059
145 621 5000
334 243 2445
36 914 2708
286 486 8757
497 34 9888
743 842 8776
662 452 5588
770 896 7839
949 513 9760
635 499 1025
715 573 3857
61 520 2752
844 744 5401
728 118 3236
700 636 3034
320 764 9786
138 114 8330
66 218 6175
570 62 8502
270 186 1389
59 317 4934
450 79 2534
846 53 1425
811 492 3585
753 654 2657
608 860 6341
831 432 3511
998 71 6495
556 913 6453
578 319 9563
205 25 8416
708 906 6685
380 911 6610
906 533 3612
667 192 1961
812 553 7493
380 346 6280
459 164 8369
823 302 2051
573 404 1736
212 27 7875
225 619 878
839 23 7266
507 616 4689
912 255 3299
889 306 9488
121 808 4373
692 945 7632
689 915 4425
945 377 384
621 220 4909
930 749 7984
684 826 6928
349 880 7192
472 171 9707
42 778 2863
599 405 9223
710 749 7494
333 900 6784
912 327 6888
577 844 8192
426 967 4459
641 570 7387
355 973 6168
46 263 4853
949 247 2950
840 469 2168
269 106 1524
572 432 1083
368 78 3092
701 574 3863
529 878 3017
437 294 9356
50 711 4120
344 638 6907
246 811 5937
647 36 2415
58 230 1017
668 572 3805
938 269 3125
660 626 7728
85 304 4432
420 228 325
765 900 6589
400 82 3469
571 437 6225
991 137 6316
137 700 9986
5 407 9800
491 840 3496
452 91 909
44 787 3427
542 694 9761
383 799 3424
50 90 7755
624 335 8455
939 108 2469
789 828 5332
103 498 7926
257 738 4864
527 929 5888
507 831 756
623 849 6136
429 277 8508
901 283 509
553 629 4603
205 782 6731
374 179 4474
99 689 675
546 767 8533
631 596 7308
610 196 5871
658 30 6025
282 275 4253
173 121 4626
805 632 9964
527 292 8856
507 435 301
714 668 1875
730 645 6898
621 962 6002
118 426 3449
533 542 684
530 322 8936
61 75 3010
425 6 2130
674 248 9422
222 697 5771
749 385 4379
220 242 3726
115 262 8362
137 901 1485
325 547 623
124 675 307
779 351 3204
742 640 7899
873 867 808
41 257 2942
125 849 9316
186 411 4323
199 194 7505
767 875 2908
269 813 6025
938 31 1501
112 251 2543
685 961 1295
441 779 9028
359 293 4193
938 221 5305
51 821 8233
141 531 282
776 429 5251
23 302 158
878 522 4016
573 17 1169
465 1000 4925
681 462 2053
886 225 7159
817 470 2963
842 933 5538
893 498 4004
874 546 6902
827 776 5322
607 494 7747
654 556 7709
476 349 6654
365 404 5091
426 317 1327
813 401 1126
737 87 1866
867 390 7679
164 620 6360
316 840 5277
477 620 6180
472 191 368
327 577 9365
591 903 2197
797 526 6621
188 843 8413
707 618 1863
480 40 1139
277 462 8947
336 594 5383
70 263 9248
390 802 5824
733 298 6973
482 214 4830
299 482 2946
91 823 1344
135 733 5961
820 624 8277
689 934 2059
937 331 9373
500 925 8358
161 937 8122
290 947 8815
77 345 2740
923 514 6315
490 363 5079
733 594 2201
35 806 114
848 634 6671
133 322 5845
432 489 6112
628 378 391
746 141 7318
510 145 6128
35 318 7574
637 26 2855
789 111 5552
505 316 5386
903 393 7534
986 740 2694
635 451 4006
754 572 8237
641 585 3115
797 788 8690
472 770 7587
382 784 7680
338 543 5122
272 471 8368
949 110 6615
42 700 8793
850 963 1057
57 425 621
316 697 8263
922 952 7949
952 593 6574
593 359 8628
389 208 878
341 196 1842
251 546 7547
670 791 7888
974 904 858
332 603 5705
16 157 4320
595 370 6214
528 366 6675
287 485 2765
996 242 2197
192 817 9403
997 544 1302
940 455 5770
925 956 602
498 247 9698
88 319 3750
295 295 1621
19 465 9910
191 268 941
330 206 967
159 590 1112
374 557 3355
487 103 9396
905 767 4581
960 790 5476
200 103 1967
275 39 304
158 433 219
566 383 377
592 815 6986
823 414 9591
291 444 5120
413 563 9227
387 330 6086
299 68 8833
171 207 7354
87 554 9775
695 167 2862
74 72 9522
873 216 2267
232 907 3929
915 947 9302
353 305 1108
534 406 2026
998 567 8002
772 834 1146
611 100 7703
275 183 1929
564 342 9568
715 933 3232
782 869 4128
864 935 416
742 865 2809
545 997 5626
714 585 4847
724 517 2582
625 949 2009
285 859 7296
605 761 7608
837 448 8766
472 369 3719
933 24 4947
953 801 1546
756 635 4882
862 335 780
586 656 7607
435 398 2403
820 756 9678
22 841 302
96 550 6493
796 3 1079
556 525 359
444 760 4862
851 814 4246
185 702 4368
79 393 6242
557 430 5115
127 355 4458
278 291 6794
109 255 1190
698 144 9334
336 280 2483
344 41 2230
431 548 56
75 439 9175
868 628 8872
738 43 2279
290 766 7509
835 772 2948
161 890 5097
784 535 6047
162 610 5256
137 590 5864
187 237 3381
398 327 6718
275 873 3540
929 737 6263
535 97 8812
793 272 7657
172 744 785
135 58 6084
128 985 9245
285 495 2204
240 22 6850
656 994 1047
889 942 9678
476 376 1802
284 175 7960
32 197 4609
777 551 5270
910 684 3405
56 531 9027
722 734 1821
199 334 8910
890 884 4959
745 176 3357
895 21 110
816 115 7488
709 983 3525
529 991 929
722 867 3480
783 177 705
26 106 5161
233 540 6640
462 451 8069
44 870 265
362 592 9813
440 602 619
66 487 8100
224 785 6690
510 568 9332
769 483 6615
736 76 1192
107 502 4674
670 338 4563
20 635 2288
888 613 5473
805 632 521
502 698 9259
298 542 12
432 872 4271
940 614 848
395 96 9601
934 282 7274
315 649 1152
824 223 6466
644 675 7223
1 584 5874
771 631 6105
786 855 3081
334 378 6118
283 186 2212
879 309 8999
96 894 7739
178 513 9152
604 338 5858
468 914 5443
154 225 3896
891 777 5523
753 253 8561
807 372 9265
274 313 4276
197 445 5459
889 957 5133
700 651 1481
794 661 2464
623 407 6497
113 954 9358
500 487 8468
386 913 1167
671 526 5645
814 185 8490
784 699 3052
720 488 1036
294 225 1592
674 579 18
703 655 7538
316 896 5775
412 95 2603
114 292 5136
75 558 3054
15 140 5860
557 831 5898
151 20 7645
428 881 5978
560 246 752
737 109 7092
878 905 4118
619 195 8317
531 427 5607
132 706 1699
208 580 9452
18 245 330
915 366 9493
746 936 255
406 139 5806
896 216 861
778 475 254
513 436 6353
865 658 723
641 139 1752
820 350 9007
143 410 4010
409 819 6078
428 174 8327
413 33 2050
36 905 8260
114 423 1949
789 603 4038
505 201 4596
453 53 7115
290 409 972
903 536 7942
783 126 6709
915 470 5917
299 391 9611
815 322 6208
552 53 6341
635 558 8394
897 89 1298
23 220 7681
445 176 4715
379 971 3623
735 532 9492
67 265 7695
768 879 5301
138 601 5974
914 286 6320
147 257 6403
998 322 3413
910 237 6836
535 913 898
692 364 2294
241 335 6724
912 933 3107
151 769 557
356 508 3386
713 221 2798
787 967 3979
841 849 1436
122 349 9865
191 507 3921
375 515 2905
548 751 8776
584 766 3622
458 348 9772
616 820 9188
436 238 4942
229 947 8904
229 161 1615
154 582 9921
652 770 4200
690 825 1014
901 52 9
65 8 2291
160 699 9951
701 766 5657
160 807 3593
911 627 1252
233 416 7921
258 597 1049
789 129 3131
573 203 6071
660 547 9013
272 510 3659
410 516 3486
443 607 8011
904 616 8043
581 16 2294
688 507 5057
680 535 2896
561 5 3317
67 19 1085
45 365 9084
189 87 7749
405 683 3896
348 365 9829
921 492 5859
609 508 4352
931 371 2249
860 375 9830
5 86 5237
989 351 4061
402 51 6364
21 81 9289
801 27 4588
726 470 7621
792 144 228
991 935 9454
435 18 9601
861 705 2107
96 867 929
432 686 5924
667 14 452
351 989 7875
505 135 7942
328 744 8735
62 242 5319
770 859 1629
184 769 349
844 826 11
849 968 1708
409 915 5283
682 469 7960
585 623 8942
452 40 6475
547 149 3724
276 329 976
191 898 7815
133 361 3828
451 807 6702
939 431 3572
525 503 9379
674 975 5732
386 529 7626
550 603 5764
810 655 1728
95 589 7652
610 701 8790
694 745 588
623 338 9357
600 521 2683
449 62 5500
414 954 7238
921 249 4387
683 722 6535
183 937 6643
325 971 4558
362 362 3876
636 258 9638
79 554 4327
517 347 1234
397 441 3781
912 388 9470
356 265 901
916 569 3813
767 496 5462
666 154 9916
514 997 7848
876 581 8791
102 681 1857
677 104 398
860 79 6189
397 578 5969
657 471 8656
911 958 8018
213 374 560
776 723 7298
696 632 2407
678 714 3356
148 419 8011
150 796 1810
223 190 1895
194 965 1006
539 610 7099
119 560 742
885 834 4145
383 105 8928
43 733 5209
939 715 574
592 893 4770
812 457 9412
335 414 1562
553 910 7898
973 681 4492
167 250 7238
866 303 524
287 507 1546
357 574 1567
959 460 65
884 573 5895
417 884 4616
541 183 9065
302 913 1840
629 281 1435
714 190 6738
343 44 2933
34 940 6893
898 933 9365
978 121 760
595 65 7223
674 818 3278
350 175 8569
810 903 9245
784 118 6479
756 594 6404
10 937 9449
63 279 4371
364 280 834
748 499 9775
943 823 3454
249 775 6916
300 38 5609
726 40 7684
836 256 7775
337 939 8971
635 248 1172
887 824 2126
730 558 7621
572 963 6764
242 191 2791
930 616 6354
483 81 6213
354 53 2660
539 658 9890
156 462 4896
353 33 7600
229 631 9819
624 132 904
899 933 2811
412 93 9045
916 549 5943
100 188 9985
6 366 1808
824 992 1363
941 924 4514
455 71 2883
459 770 1326
922 765 4
664 755 7568
898 630 7698
71 542 7688
12 978 4096
597 938 1743
136 199 9043
466 145 5022
193 624 6601
860 89 7123
269 755 5766
220 121 8111
660 578 736
465 566 7308
346 7 2360
828 509 93
778 941 9278
161 949 4279
801 150 2711
582 949 7807
602 306 8821
975 59 4162
399 779 1085
519 458 3597
846 490 5140
211 11 1996
603 11 2055
501 384 9159
117 675 9729
618 372 774
438 893 3090
109 600 5215
510 738 7544
862 259 8272
36 126 6145
413 554 2963
561 952 4274
791 622 4179
555 672 2618
165 575 7548
141 498 1081
164 373 9631
623 570 3021
479 896 6456
816 524 9086
426 314 9304
160 218 2799
150 354 766
695 581 2578
863 430 9365
755 670 9143
76 5 777
621 869 3529
30 234 6993
927 184 6661
567 893 4501
647 7 8734
575 542 7854
983 909 1300
184 553 6126
305 426 765
999 887 7788
183 26 7507
980 272 3726
401 704 5035
327 474 6838
42 634 9477
663 164 6857
952 9 9817
634 17 1633
945 958 4354
49 382 3388
719 416 1496
936 296 2358
770 40 7094
935 431 4549
405 575 9233
417 344 35
78 112 9053
386 731 3536
805 33 1641
33 959 354
971 642 5980
300 633 4058
91 365 819
985 438 2281
349 417 4201
498 94 5358
331 469 9655
711 586 5782
458 896 6557
565 122 4024
356 248 2198
78 935 8721
409 598 2028
458 423 1727
820 138 7601
266 506 2440
600 104 4222
959 50 5830
481 858 9320
191 464 5324
26 299 826
432 985 1342
888 93 3113
546 194 8741
624 869 7003
830 735 3000
925 244 5850
709 85 3212
711 230 2788
925 747 2116
257 267 5043
983 585 3156
669 807 9383
552 577 5255
385 53 3242
831 250 6336
940 681 421
604 927 9939
534 549 8932
245 522 9867
983 685 9697
258 143 7175
412 30 473
489 488 3504
526 436 5533
410 357 1738
634 873 2879
86 4 1630
166 520 9125
812 726 3002
842 831 9806
218 956 9803
549 592 9873
835 372 76
909 994 811
700 532 7751
789 724 1699
908 227 8951
930 929 9385
919 258 4899
635 233 1844
480 923 987
814 764 4858
741 388 5123
164 180 2127
727 176 7451
583 506 5448
317 430 6904
991 706 981
719 11 4951
290 391 5822
177 175 9507
134 683 9850
771 589 3390
28 876 4880
984 674 4040
170 368 8633
702 918 490
461 489 553
41 704 4059
21 505 8341
365 247 699
328 562 194
696 482 3742
362 244 3505
213 654 3253
802 64 9016
141 969 359
584 359 9190
913 930 2000
965 323 1289
856 734 9283
10 564 1663
852 549 8858
346 412 5275
884 943 4099
899 45 474
15 775 5496
228 789 4565
945 900 3590
686 369 7632
971 903 6821
7 828 4911
498 631 5046
740 928 7857
8 802 573
133 44 4863
658 814 2177
802 563 1252
531 175 4006
57 176 1118
736 410 9689
947 54 4655
813 895 2507
174 604 3824
771 557 541
654 564 5097
159 209 2461
590 952 6758
61 526 9693
380 810 4652
630 170 1752
209 304 8271
624 841 5857
408 336 6193
889 577 2437
540 625 1762
565 940 181
190 674 6955
967 448 2882
904 349 4039
504 62 345
895 249 418
625 918 4788
360 585 6976
42 389 815
759 53 8984
516 386 8686
606 903 5810
301 405 4896
460 664 6469
664 769 5511
640 728 7976
550 898 7240
602 126 3838
316 328 8041
472 972 9725
152 605 7489
467 982 784
786 455 194
206 97 4109
87 402 8401
7 334 4099
772 994 5985
490 199 4301
361 984 8842
861 215 3863
847 567 5625
444 481 5566
299 882 6336
687 96 7990
80 975 4564
767 273 6148
233 69 231
285 787 2542
154 268 7170
380 34 3059
352 176 948
444 279 2319
366 635 1229
200 778 1539
72 287 6400
319 100 1108
254 892 7206
498 420 7275
989 929 6912
537 505 1503
919 495 3877
201 964 9225
443 931 761
727 710 5655
990 784 7089
856 365 62
776 475 877
905 70 8915
332 297 1106
530 795 6472
219 936 6621
697 274 7933
767 993 8205
322 409 7299
96 712 2196
455 415 2410
453 835 8882
352 338 8915
41 276 18
575 473 7609
670 728 1340
254 703 8369
188 273 8277
462 861 4703
365 798 1850
40 626 1949
355 464 5014
540 671 4672
426 221 2152
225 578 5816
777 440 1023
406 80 1848
230 878 2250
786 362 7164
14 382 9843
985 518 2818
833 763 6793
795 620 3434
653 43 5820
241 249 8345
829 2 1164
20 127 6475
637 162 7242
765 140 6454
301 755 6590
943 640 1724
313 167 3398
345 628 4272
417 824 3707
111 561 2825
832 116 6851
220 393 2303
839 698 1071
729 52 5209
152 424 5962
152 480 1690
11 788 6956
962 337 8751
871 930 4286
785 372 8984
167 503 9357
720 594 761
599 639 3992
729 751 3933
359 596 2615
236 924 606
87 875 8055
138 109 6224
664 595 384
925 931 1601
207 596 9537
730 521 1078
167 503 549
196 155 3418
762 106 3690
283 867 5191
952 67 7020
603 270 7528
119 709 1257
948 624 9189
621 351 9617
710 796 384
517 619 2717
735 384 8136
489 923 9714
317 279 853
838 714 2086
718 831 8181
525 317 7382
936 185 6780
629 558 7560
335 652 4253
589 256 2430
805 728 2015
268 463 8885
777 353 5466
642 857 8361
38 680 8042
743 222 393
863 677 910
714 240 1923
652 887 9377
29 573 7743
420 417 2048
792 71 5385
792 806 941
550 769 2728
561 973 5487
213 701 8644
528 136 6826
959 777 7756
147 796 3189
308 57 3748
801 709 5434
671 747 5523
176 819 7902
353 733 2051
798 118 7815
386 15 4376
371 439 5210
116 894 9201
333 297 95
860 49 2024
210 82 3494
663 990 9949
337 265 1535
143 744 8915
467 781 4978
749 739 8522
705 3 3734
667 189 3347
696 482 3801
386 664 6005
636 991 3694
250 549 5660
728 948 6935
373 326 8675
130 219 198
614 234 8088
237 729 3011
73 15 8811
447 376 9289
910 786 4710
36 835 5645
565 208 5966
273 222 8008
920 109 2348
680 473 3078
316 169 1560
682 963 5991
482 769 8044
895 916 2085
284 996 670
753 641 5209
513 909 1011
905 576 7871
886 829 6167
294 410 3925
727 99 8354
399 397 2026
949 207 4134
302 702 3203
930 466 1603
93 46 7283
46 343 772
72 491 7755
801 571 1113
115 773 41
732 271 602
540 455 1295
776 530 6716
976 722 4444
567 130 3466
341 993 2227
183 576 7959
233 938 3021
448 826 2529
774 230 826
922 254 1021
878 223 8433
683 990 1657
527 826 5385
680 551 796
622 235 4267
786 593 5928
547 114 4043
466 758 5052
44 367 4969
601 435 7315
683 130 7531
797 773 3143
238 927 2133
125 877 5016
780 798 394
561 84 2235
714 283 8523
370 350 1237
343 755 806
477 242 8806
254 381 9024
230 509 7166
376 271 6846
278 491 6266
751 174 6446
925 453 9397
167 79 8145
118 593 6856
377 975 1318
366 336 7447
458 232 6673
792 179 9677
702 375 1103
333 386 7392
491 154 1289
2 175 1618
720 6 7740
774 890 7710
167 145 6018
301 926 8565
712 323 4169
512 262 8169
685 329 8525
867 133 5411
980 569 7581
746 490 6850
808 51 4981
903 713 181
455 191 4246
342 69 8912
513 662 8875
198 374 4225
952 809 3972
833 885 9706
229 125 3583
409 119 2855
197 724 3589
683 399 3147
176 482 2057
421 183 8737
77 480 5926
227 215 5941
321 592 7059
766 362 3551
837 440 5025
920 34 2211
156 957 959
749 115 3066
577 851 5658
356 355 3371
348 340 1950
130 961 6902
184 687 3543
647 210 2796
38 549 67
906 98 9429
374 388 653
66 357 6519
647 807 2123
52 274 6825
919 724 9916
169 185 3776
239 872 1543
420 675 5784
588 794 9129
669 573 8134
461 205 1440
253 492 4570
39 231 8275
819 136 1934
261 415 9158
772 196 3079
27 649 6569
203 684 2542
212 796 9174
643 207 5329
902 28 6944
454 257 5144
883 637 4250
325 35 6237
316 187 2450
718 410 6181
813 331 9697
878 47 4404
33 665 554
172 532 5811
717 614 1264
445 286 2494
726 353 3519
175 400 9897
943 709 5080
660 452 4280
399 90 1097
540 929 8042
405 368 8584
189 49 8030
898 562 7830
452 661 1736
448 175 8275
36 50 3626
452 996 8734
905 710 3847
595 178 9392
944 643 3916
989 901 1850
652 171 9528
552 370 1252
21 164 3199
257 324 3893
973 628 8629
527 332 9157
567 759 1266
857 751 1498
106 386 7315
129 500 1098
572 181 3233
551 424 7349
454 686 5362
468 183 2475
463 996 7790
653 346 1125
330 331 5317
812 604 8970
872 143 6448
550 832 662
529 606 2876
563 967 2116
714 42 3466
925 689 9061
865 210 3096
187 432 1857
351 777 8892
436 336 400
879 168 792
694 390 768
981 76 6863
574 166 5192
392 355 4991
493 999 9772
104 555 1238
50 394 4347
245 734 4783
778 713 6610
357 563 5508
453 890 5257
863 575 9195
31 800 50
536 864 3603
332 460 4285
345 353 1463
477 512 77
937 789 4496
89 24 1878
68 259 2216
618 612 555
748 83 5803
901 902 5930
580 918 822
342 326 2355
650 459 3145
944 696 3938
666 339 5535
227 305 7237
215 869 9463
248 504 6885
609 580 9042
122 473 8905
703 524 2144
169 96 49
560 271 2383
174 541 4556
183 756 8418
33 439 8459
851 815 7559
266 412 1235
832 743 1155
994 988 7938
334 985 7845
739 223 8834
450 820 9955
607 454 3433
64 240 9141
798 809 7931
555 923 6653
202 764 8861
421 652 3531
738 976 9833
29 340 9071
917 847 8638
908 890 3924
668 133 7864
77 573 2511
345 279 1761
576 222 4193
811 540 236
76 650 3594
629 363 2964
421 631 4002
409 114 3348
292 601 1002
655 559 5329
257 690 4336
452 701 5441
462 699 3601
694 313 4844
471 181 4470
786 680 3852
344 698 7017
588 613 4820
859 999 7106
988 650 9737
914 108 6339
112 8 6209
771 271 5946
479 271 455
160 212 4622
300 793 3837
314 665 231
744 864 4414
822 392 3697
299 986 2373
102 273 2336
844 606 2138
768 817 9758
39 716 4010
302 174 8495
134 918 2981
707 240 7739
85 592 9497
555 952 8533
498 245 4470
498 450 3460
623 782 3657
649 973 3290
554 579 7901
459 780 5628
134 268 3971
579 94 4748
685 354 4193
93 928 7771
759 894 703
812 988 1276
450 332 4585
196 490 7302
447 50 7550
647 288 950
455 326 646
446 850 6399
452 812 842
40 768 2523
456 771 923
832 263 644
824 525 4590
709 843 3993
558 820 3629
16 743 6864
856 833 2386
911 739 9255
300 159 8037
458 567 1514
757 191 5086
389 259 5871
632 61 102
778 165 3678
990 739 6380
255 92 8844
808 335 8888
82 940 3291
655 850 643
215 565 6377
620 217 7623
716 889 8312
145 3 4125
567 116 5978
454 972 6819
207 527 9058
441 141 1148
192 885 1500
751 149 7205
757 94 8520
693 533 3280
594 277 688
546 506 8644
588 175 8167
477 904 4806
97 618 5837
814 320 6525
484 41 2151
68 731 7872
818 72 3407
143 764 9919
691 498 56
469 675 4585
885 493 6282
860 981 8718
499 152 9741
481 785 9464
95 73 6117
615 12 1484
178 571 9045
812 776 5181
411 52 175
377 275 543
426 874 1286
919 81 414
429 908 9584
9 455 541
412 868 5202
607 594 7630
80 647 5119
708 901 5681
24 725 2838
493 602 2701
407 646 1624
508 788 5175
32 228 6792
131 319 7360
845 328 55
349 681 3224
775 116 106
944 320 8519
794 328 9440
1 981 3279
914 998 1887
399 274 3193
41 153 1871
705 803 6283
319 44 9550
594 897 9017
185 886 378
725 268 60
98 856 1198
944 412 8643
600 336 5948
222 298 4203
125 748 5440
423 345 4742
711 77 5800
909 759 9015
293 483 4072
343 616 135
637 718 6158
368 826 1480
419 636 8592
617 251 2874
266 557 4883
400 851 3038
915 255 4122
451 61 7752
4 72 1284
555 252 4291
11 285 6060
14 5 4981
837 158 6991
507 234 1930
48 803 4068
438 68 3637
990 351 614
305 219 9407
207 898 713
317 681 2516
261 222 3319
381 845 749
328 317 5209
630 774 2482
578 443 2881
193 178 8370
729 828 196
788 955 7937
237 133 664
35 458 3676
241 218 5369
930 841 8146
659 90 7442
713 802 6022
675 965 8363
236 514 1377
793 622 225
974 123 5603
30 118 526
831 105 958
653 384 7760
210 140 8655
44 769 7488
897 527 8397
340 141 3504
270 676 7276
413 672 4410
994 438 6767
596 564 4291
352 535 1221
82 882 6080
993 600 5740
236 577 3450
390 369 9207
442 463 8442
989 296 4342
445 153 6332
72 604 4061
741 944 1867
910 583 3478
578 819 9134
777 798 6746
786 745 4333
745 536 9463
421 807 5562
465 786 5391
570 844 6488
309 97 9720
890 529 6155
607 850 5155
738 957 8028
370 436 852
204 539 439
491 164 1345
241 421 4602
270 131 6153
238 524 9625
793 161 5861
367 221 9449
535 745 3605
424 463 9622
109 629 8769
396 518 5141
643 384 2073
494 195 4560
843 17 76
556 420 4911
919 327 4095
844 898 7197
133 289 2866
525 928 7258
258 994 7026
182 379 5987
279 907 8602
575 688 8610
482 226 5804
829 372 8484
916 900 3610
218 438 8344
999 851 3434
397 684 1841
867 583 8574
720 687 4414
294 399 532
200 391 3647
303 394 4734
745 446 3379
764 450 4787
154 63 4458
486 253 9521
734 83 4253
743 930 1465
975 340 2207
210 990 7933
972 935 9251
478 121 8153
533 80 5417
872 157 5882
919 733 4483
699 22 9123
156 585 9080
846 211 8227
227 67 1428
429 13 8935
712 84 9570
47 935 3412
318 273 5049
980 414 5446
455 894 7821
263 506 3274
951 137 6623
898 701 6572
525 677 9723
292 569 1924
762 459 4919
257 628 7449
297 184 4387
762 135 1799
737 353 963
644 421 601
601 468 1115
545 559 686
815 857 2807
48 765 515
619 699 5358
840 244 7859
862 303 972
196 671 287
733 678 1490
998 835 1067
844 597 8594
757 968 7178
283 102 4159
317 13 7385
829 445 7851
881 79 4017
930 436 8007
557 788 7664
14 443 8532
380 158 6813
69 720 3314
224 502 5435
851 467 9214
614 931 358
310 401 3502
473 743 3082
247 825 3369
811 574 9
356 720 4935
992 371 5095
158 456 8598
15 3 2330
444 209 5624
223 493 9528
311 477 7145
324 667 239
439 268 3610
784 77 2050
712 391 3412
155 368 1555
618 631 3513
653 983 2385
848 807 7386
411 55 3784
530 478 361
438 437 70
328 377 2143
198 348 9742
302 495 5756
515 134 6185
87 986 8588
842 532 2896
679 253 528
526 774 8441
757 491 4423
418 954 9136
764 229 9929
437 397 4546
457 941 5844
868 537 2607
121 945 1866
949 34 5303
49 983 114
521 528 4367
83 487 9967
890 153 5259
152 729 827
756 767 3646
207 177 3919
229 404 5080
561 67 5945
89 948 2578
730 519 3745
508 214 6997
35 933 5550
481 963 7099
583 205 2764
788 546 6557
411 414 6795
707 981 2644
562 816 3107
715 889 1017
512 491 4832
474 499 1026
232 821 5374
610 971 1066
295 992 9157
857 501 1976
652 12 5875
587 698 6349
98 7 1137
526 539 2688
757 799 315
24 877 780
644 343 9592
818 715 318
916 140 6924
514 801 9073
568 884 9324
751 152 384
589 460 440
33 744 3692
932 181 9965
502 439 898
507 423 2048
787 543 1848
773 786 9919
894 28 7882
175 622 8173
395 428 3277
626 276 7235
920 994 3090
16 449 8374
293 813 825
227 492 9087
921 503 7909
858 823 9458
941 796 4923
443 879 9501
627 158 3475
808 441 4346
393 227 1691
864 468 4826
640 769 3912
475 932 1190
385 738 8021
969 187 3198
51 790 1350
542 276 9852
773 607 9469
676 488 3473
775 26 778
440 241 969
796 592 1181
49 344 4695
974 404 4160
225 104 275
699 638 3855
620 668 1460
47 142 8250
877 649 6852
458 307 1780
69 684 9898
505 949 5031
696 884 5101
485 111 7741
700 732 1499
717 312 5290
591 716 3017
479 770 5487
591 58 4119
986 845 9270
191 27 7792
932 65 6132
131 753 8744
927 691 1824
794 538 7122
166 108 5715
954 624 9592
977 210 2728
125 128 5628
974 882 9619
905 463 6391
800 302 2479
828 728 9909
200 99 8045
357 81 6729
525 875 8136
912 56 3457
520 776 7266
380 650 5535
657 830 6735
840 331 5291
36 670 1928
14 167 9225
723 426 1160
722 490 4559
109 333 661
819 481 1430
655 545 9054
918 335 4191
569 385 3435
549 417 4293
178 715 9506
312 492 4947
65 756 96
961 970 6112
316 181 6494
274 983 1258
205 948 710
324 1 2034
366 521 1913
162 593 4755
715 420 9159
612 487 7891
429 509 186
999 281 7038
749 15 7730
75 71 9791
415 507 7447
70 548 1295
819 413 487
733 311 1495
338 542 2930
919 747 5053
602 65 6842
144 534 8107
877 659 4529
42 723 7803
737 808 9860
371 659 5223
396 518 1969
174 149 9912
968 411 253
579 254 2014
255 252 8062
674 579 2016
801 238 2326
349 721 4426
716 245 106
24 627 1901
798 418 4382
823 90 5044
220 153 7572
851 546 4281
809 384 9679
983 793 7166
814 58 4053
966 401 9706
658 792 5335
84 781 3752
484 260 4661
544 696 4845
679 86 647
646 501 153
104 824 3546
626 171 6187
541 70 6092
126 325 9546
468 569 7462
251 449 9709
34 23 6683
46 640 7508
361 357 1362
205 938 4221
764 830 4097
623 543 8811
233 882 1765
995 501 5133
963 937 5321
38 408 6462
680 132 9506
953 671 203
677 272 9378
66 132 4781
947 221 5438
421 749 7222
964 760 2595
181 399 5865
705 913 1822
453 194 1294
204 192 1491
704 74 4677
484 192 1452
726 145 9480
727 987 5072
513 320 5657
417 1000 8069
997 857 272
226 548 6983
840 546 5835
578 27 8494
649 155 7798
808 791 7411
579 991 9060
378 903 4371
132 780 8469
921 490 3984
222 36 4492
700 627 6278
334 105 2603
868 536 5087
450 885 6906
520 117 5916
729 340 3836
255 994 6172
45 775 8226
385 379 2412
118 129 3200
350 618 1514
22 109 4580
910 856 8270
196 187 2327
114 649 6309
909 483 8917
162 321 1330
143 98 2969
963 962 1265
78 941 2278
667 894 3100
892 869 8237
384 790 815
531 692 6205
459 595 4769
344 147 4765
476 377 8362
790 115 6751
86 299 2540
991 920 1730
687 315 8466
98 472 7330
570 976 3045
889 810 21
535 440 2399
331 711 981
664 938 7215
983 579 8690
787 262 8522
745 23 7551
984 537 9272
789 282 9700
382 130 7586
16 190 5465
429 102 7424
148 989 8708
831 722 6279
462 82 6996
570 835 3161
647 234 2227
447 542 6923
983 534 2007
171 200 6218
268 699 8793
382 403 6105
507 830 3136
908 959 1971
73 857 2055
560 474 6037
386 31 3249
480 898 7960
77 506 2429
324 619 1065
925 660 2682
357 922 5621
29 526 263
870 118 132
398 950 1729
761 847 9139
520 122 8550
513 887 4465
999 131 4736
801 921 3552
126 700 2155
762 446 8250
655 189 7080
263 363 7896
986 970 4700
467 554 6513
627 522 4879
51 193 3319
513 815 8150
760 970 708
104 78 694
940 689 1818
230 466 3801
635 213 2435
410 801 2900
386 587 855
469 257 7575
970 580 9270
658 850 7020
436 599 1131
48 994 202
873 831 308
424 173 599
652 784 995
601 854 1329
180 662 1214
529 770 6222
40 38 9683
580 217 3572
133 531 5783
523 66 1764
93 138 5990
976 173 5468
482 135 2182
415 382 4681
496 709 8129
869 15 5578
281 141 5403
921 917 2087
873 235 3434
33 792 2893
549 178 6799
734 220 9581
247 47 4970
822 300 851
833 954 4561
325 288 3862
543 873 5508
82 352 7537
788 616 1603
374 878 1365
958 229 4084
115 815 7850
612 437 8825
290 925 2163
692 321 7908
223 507 6158
62 654 7356
673 626 1121
875 305 7677
784 793 2275
418 928 5467
318 21 7176
479 89 1047
941 746 9095
667 6 7196
308 390 9030
754 236 2719
659 110 9181
414 463 6481
126 89 3903
282 968 5502
426 599 6120
919 738 8113
929 363 9403
132 522 1815
442 440 8294
172 668 5059
650 425 3507
668 872 1652
217 759 9207
577 937 2371
117 692 8655
805 742 2087
887 989 4135
449 511 9711
828 294 6113
577 120 402
701 89 7072
192 844 9006
419 365 1424
335 457 1148
123 527 4473
590 90 5141
354 85 2348
595 189 5911
439 372 6885
104 235 8103
172 676 1882
151 765 1102
127 619 6233
898 443 1477
861 594 5698
915 67 5265
457 193 7226
751 504 4898
868 343 8737
540 955 3684
939 293 5864
337 543 1979
353 764 4340
468 142 1140
115 998 8657
396 611 1016
297 472 5203
310 772 4801
250 41 46
917 426 6905
231 228 8229
518 643 7827
852 91 7604
660 237 4042
722 998 9314
519 851 9238
398 216 6603
670 250 2657
812 528 2011
181 396 4707
727 182 9134
609 642 9869
773 79 4864
279 751 3279
124 223 8952
535 706 8019
466 568 8808
204 785 2255
998 907 6759
213 320 5584
832 320 6930
907 40 6509
470 834 8845
192 837 8327
379 988 8813
489 515 368
806 561 6195
446 912 6122
961 449 5498
122 689 1673
348 802 3398
405 295 5234
971 790 6505
631 860 8228
190 837 5508
539 195 2991
912 976 9207
894 598 8992
329 738 2096
147 980 9304
910 864 2993
856 54 429
411 985 9588
608 848 8579
112 330 6454
863 112 4034
871 746 8549
568 748 6617
744 273 3665
950 235 5685
101 51 4769
443 116 561
146 259 8972
671 526 7975
528 752 4071
279 72 5226
781 810 7319
156 951 2163
930 931 9317
625 823 2197
26 29 9355
218 322 844
309 154 2740
1 84 757
588 441 5320
636 29 394
383 979 2171
326 654 4199
314 690 5039
971 460 3577
630 418 7134
247 169 4020
221 536 5614
272 166 4067
460 649 4766
434 655 7134
873 65 2880
556 480 431
558 127 5714
156 323 7562
835 4 9465
351 248 8439
690 839 1382
165 15 1974
211 300 9751
117 739 4761
84 469 4539
17 133 345
261 826 3552
380 368 1136
43 983 9065
28 622 7841
267 188 9057
12 869 1155
594 188 5517
166 576 6306
405 233 9590
296 948 3643
452 707 9178
965 363 7281
514 662 8041
984 184 7258
257 663 5757
855 270 1219
971 889 2086
947 383 1331
377 369 1518
102 70 554
532 251 204
866 808 632
995 781 7532
903 54 1332
160 875 8755
783 53 373
310 367 7863
142 749 765
798 409 5014
197 770 9164
481 179 8227
184 157 8036
272 804 4345
497 78 178
324 884 4070
146 64 9442
473 222 719
636 290 8427
103 536 5097
119 484 4787
570 249 8358
912 424 5284
814 167 6174
408 380 2405
539 841 287
161 512 6590
795 678 2492
881 277 6915
546 883 907
901 104 1939
769 980 2208
467 495 108
294 970 2566
647 388 8313
50 961 9831
370 433 3165
173 385 968
845 62 8080
135 96 7995
755 219 5478
801 671 8096
831 866 2437
111 697 2404
751 723 7881
90 654 214
656 72 3280
143 90 9548
91 145 3968
474 83 1104
781 245 5715
969 903 3487
827 377 9657
776 76 7702
771 888 6421
151 659 7020
734 553 5775
81 887 8511
603 628 7943
670 362 6031
316 739 8039
411 178 7125
621 895 8399
605 166 8275
882 590 6833
398 88 9873
111 928 4178
316 593 3748
840 5 8863
423 926 9725
927 333 8853
790 459 8337
37 712 1117
370 941 9073
643 194 5423
807 492 8220
63 745 8283
570 212 312
788 974 3243
258 990 2668
304 850 1593
111 132 2278
837 13 2774
593 235 8230
877 908 7328
94 951 2256
481 473 5541
294 490 1914
900 609 4878
925 1000 6760
595 378 1625
315 46 402
48 433 3068
635 433 6609
180 264 3034
665 982 9404
689 564 8978
437 716 7313
52 570 5016
201 727 2563
837 149 171
432 757 143
460 494 5623
128 443 8554
320 726 8519
358 559 710
586 419 171
962 208 998
633 519 8392
308 658 4203
12 672 4557
611 770 1849
419 574 3045
121 92 9690
343 340 3353
413 422 8256
741 51 1419
579 277 3112
208 87 399
247 629 7413
440 965 5448
418 353 170
968 34 9988
439 483 139
136 327 9726
607 843 9217
841 549 8158
755 330 3413
339 263 7737
735 232 2188
730 933 6582
104 124 1741
559 79 5446
29 847 8907
36 912 9327
690 538 4581
392 133 8921
796 306 2219
57 803 6696
319 495 3793
617 184 8524
797 199 4081
616 984 9179
359 394 252
671 420 838
815 337 3494
478 263 3428
885 569 5446
516 719 3905
786 487 627
732 879 9405
302 414 3151
814 985 8382
137 87 7793
36 951 3906
729 399 5994
972 78 57
278 666 6615
649 296 144
983 318 1350
267 407 2925
89 525 7335
536 963 8004
415 519 9700
854 279 5480
717 315 4382
5 918 5769
512 366 3756
755 15 3665
320 564 7495
682 596 5616
70 32 9649
844 922 5360
204 734 1039
795 61 2624
710 151 5625
19 568 9698
377 914 953
969 170 4541
627 193 5596
429 133 9102
45 157 2920
107 429 2435
31 170 8826
298 371 5371
600 570 418
405 490 5900
863 753 8354
741 317 3516
362 192 3734
168 453 2629
459 915 1189
401 958 603
318 278 3779
449 425 32
945 284 8159
699 275 7955
889 14 4865
661 843 5300
746 676 4663
85 635 9437
671 186 3278
252 282 7238
759 352 6813
511 611 7475
415 768 4877
575 563 5898
781 353 2686
466 737 3088
436 559 618
409 210 4159
547 764 2661
417 918 9685
92 591 1246
52 650 5532
237 748 7857
797 573 9849
580 326 8052
862 293 903
587 554 4298
341 835 8513
697 866 8333
317 44 7128
690 361 3012
889 309 1244
344 700 2825
885 180 3194
330 978 5192
960 841 4268
524 598 6248
559 385 7236
650 285 1810
387 219 7196
48 42 4027
477 76 3420
124 437 4959
163 713 1331
806 874 2931
580 861 7124
124 589 2172
12 65 7075
457 894 3725
16 337 3543
960 726 1288
886 251 238
785 276 4056
950 703 2106
964 34 1899
686 166 8190
170 859 1188
54 750 1013
95 925 7420
372 596 1408
48 213 961
911 339 8347
330 476 7086
680 344 6355
385 244 174
103 595 7677
280 784 6486
298 712 6014
653 945 2728
906 838 9141
159 92 8078
821 979 763
829 279 1915
980 749 5264
935 839 1921
684 432 6442
930 272 5653
106 973 9688
248 703 9587
623 587 5495
114 331 3291
638 452 7966
987 837 6439
783 198 331
116 155 6664
150 332 7522
824 313 2474
139 289 9757
872 765 1158
768 306 3346
533 644 6197
76 928 9274
412 190 4928
812 990 2807
252 168 8020
316 586 9951
774 713 2662
191 397 9703
243 881 2334
772 113 8402
704 749 7080
549 586 3604
301 592 6319
331 655 1730
892 519 2999
662 795 4883
42 402 254
545 199 2488
986 867 2053
608 408 8511
237 604 7096
760 145 4273
581 345 5177
486 498 7948
894 474 484
396 390 8317
458 590 100
969 317 9026
670 180 9365
796 565 9736
102 348 310
35 780 6054
126 755 3886
350 277 2664
175 495 4709
38 705 8076
843 723 7518
98 222 4280
857 139 5239
312 200 8051
623 585 2262
986 766 9605
79 721 1092
803 88 9208
148 614 8440
422 680 3888
397 313 8388
761 931 1161
468 15 4136
659 95 2523
403 468 1947
265 784 7266
745 948 2191
331 25 6678
701 134 2998
526 237 9726
399 921 7769
801 125 3602
152 208 1535
68 362 4694
328 385 8548
318 239 1566
518 946 8529
444 192 1149
683 878 5992
700 659 2715
321 40 3769
597 732 4596
537 183 1006
588 625 3539
391 434 9845
6 139 1490
85 464 3033
415 580 678
365 742 6210
142 544 8410
200 765 3913
201 674 2141
223 739 3715
674 72 3134
335 483 6556
311 987 5229
23 648 9795
742 536 2799
632 310 7506
205 22 9821
712 727 5148
309 363 6669
798 43 2568
301 81 9107
157 200 4091
417 802 9377
371 722 2522
471 990 1259
130 609 2894
25 556 3280
710 322 796
824 43 4781
404 161 3989
206 940 2193
60 647 9931
577 966 990
105 707 5602
53 776 4442
35 312 124
960 910 541
955 944 9081
614 267 6366
987 962 4779
336 39 6940
132 394 9221
498 562 436
798 167 1320
848 732 8891
520 180 4470
371 816 8540
151 316 7892
579 692 5147
721 414 4949
747 933 5193
890 709 7761
298 747 8834
979 512 4743
409 232 2881
460 448 5420
691 338 2040
975 791 8537
923 560 2094
603 265 2773
691 575 4089
908 874 3644
975 917 5712
316 103 3349
148 44 4543
328 462 3567
881 557 4502
675 401 3600
491 129 7146
245 922 8890
505 709 1797
660 702 2573
844 872 1727
342 627 2250
819 281 5530
780 281 6521
449 866 9260
34 308 9884
533 662 3933
671 641 563
183 957 4737
412 330 1988
159 880 3501
955 493 110
325 167 6924
131 331 1350
797 427 8056
251 746 116
777 343 2223
667 116 4865
275 777 9512
247 12 9091
412 331 1439
1 958 433
991 248 5494
320 717 538
214 651 2085
757 962 6324
28 316 2033
68 865 7714
694 95 9321
47 34 4832
748 548 4985
406 238 6672
518 845 8250
364 468 1414
103 125 1707
838 503 4013
744 858 4633
119 644 8269
634 448 1733
142 955 8033
23 158 8815
714 987 3573
251 493 4197
193 978 8734
530 183 8533
689 380 8153
460 848 9819
744 95 9071
422 940 2019
140 858 258
92 73 5426
536 145 4515
398 780 5190
325 237 8299
832 570 3333
882 153 5889
571 888 7830
864 37 3619
970 762 4190
44 683 5213
584 297 9106
753 127 4234
600 174 4782
134 61 9532
993 99 1135
735 793 1960
600 618 3549
393 1000 3220
954 538 7809
862 182 2060
551 34 9879
717 911 7532
96 286 3738
714 873 6566
346 967 4894
894 587 2330
252 655 3549
696 645 8408
225 57 7641
863 401 6527
68 380 2263
547 910 1806
105 966 595
925 7 6967
483 890 7020
187 339 2247
245 496 5889
674 438 1416
313 340 5009
233 736 657
794 963 2105
40 663 9912
198 159 8525
631 803 4511
64 309 2359
641 122 8526
40 795 6319
10 905 2259
662 775 8135
511 795 2042
489 709 5905
707 886 2766
190 924 5473
738 317 8453
857 472 3280
692 35 1571
413 565 5680
80 930 2966
575 853 6960
219 406 6108
174 772 6407
968 900 9773
178 934 5944
538 447 1148
336 94 7258
234 730 3723
697 328 5871
460 564 5566
676 619 4738
303 617 7488
684 963 7914
41 575 3547
638 905 6621
66 394 1695
751 160 868
956 480 2946
142 981 7501
53 979 7598
206 443 9042
576 503 5058
446 797 8182
544 547 6439
64 178 4233
350 624 5490
128 526 2043
695 320 2299
267 349 5448
454 933 1747
525 969 8579
146 944 6582
251 1 7506
841 136 6524
672 317 5941
396 22 5412
803 776 111
259 560 204
327 889 5080
258 596 4697
202 165 9826
482 988 4071
730 336 4722
692 352 1821
840 220 7365
381 970 9115
554 787 6386
287 700 1516
134 635 3287
267 715 7085
458 942 1831
784 955 4058
830 189 5444
89 854 6999
705 859 3204
274 665 8608
425 343 729
59 23 7277
745 535 5946
964 688 4571
365 51 7355
18 525 7822
348 167 3596
413 67 219
538 768 3768
119 923 6579
700 777 888
371 479 136
20 65 8219
931 398 5981
937 120 3175
633 288 768
505 583 36
165 250 3358
726 635 9850
896 695 9757
324 767 9627
252 169 4191
164 627 7420
770 935 4571
423 446 6328
789 952 8391
419 633 369
905 540 5042
46 900 768
275 44 3319
61 583 1761
400 186 7876
746 544 8177
315 630 7416
150 184 7998
722 825 7634
930 617 1183
828 853 7169
638 184 8462
688 61 4122
62 336 1599
943 63 4602
954 911 9026
609 459 8585
318 737 1189
226 496 9856
516 855 6696
51 858 4919
469 427 7313
635 907 8856
650 523 8380
117 404 9885
10 969 8808
208 575 6758
856 458 5059
96 643 8455
522 577 9107
502 103 4096
179 776 3808
855 41 8943
756 837 4596
96 549 6769
495 234 8614
732 794 1175
296 553 8853
105 161 9643
514 664 9337
723 937 3182
385 435 8648
670 664 3808
341 874 8389
879 869 9878
405 653 6080
448 452 8886
589 959 8477
198 438 6594
136 923 1387
34 575 4827
611 609 2564
166 110 3404
470 998 6399
587 729 7592
922 212 9748
731 577 6618
845 376 6546
951 659 2626
714 820 1651
284 758 4363
725 328 9685
420 330 3936
875 92 7729
521 712 1833
508 425 669
649 188 285
443 78 4822
568 555 2982
327 111 1413
965 288 264
161 646 1618
623 397 2384
282 556 6058
273 405 3316
467 846 4541
508 11 9452
967 327 1679
488 682 4578
731 983 2581
793 157 8524
968 925 9085
797 138 3431
691 288 2411
607 239 115
174 846 2568
912 26 9298
125 239 4291
966 875 5719
673 45 7812
120 984 6193
804 189 638
62 290 7963
617 336 9642
17 378 9655
279 149 6378
346 962 7469
448 735 6586
967 452 5419
509 421 7949
500 631 7559
903 214 1741
965 800 4768
8 550 8696
918 812 4417
289 3 1576
668 758 8340
691 475 9307
849 287 9099
770 862 1173
950 851 9315
441 537 1240
437 697 1660
909 405 3868
640 710 6519
823 144 5957
297 902 764
156 439 4875
120 596 2303
712 256 4202
221 211 6006
105 110 7603
356 606 3486
19 229 4413
478 752 7692
529 600 9007
158 310 9080
123 184 3777
89 258 3010
526 385 6907
766 36 8893
585 400 8905
326 996 8370
733 27 7466
298 339 7864
159 519 1510
943 333 5078
945 588 5741
966 154 2739
562 242 7388
458 554 7829
407 192 3396
921 646 7337
460 887 555
625 528 8291
89 388 8697
362 43 3815
609 642 5013
964 362 2893
889 132 858
636 32 4915
875 288 8664
283 655 8507
80 684 7820
709 587 6357
971 901 1586
884 727 1259
904 209 9633
576 865 3080
973 538 1464
666 38 3955
170 857 8664
458 456 3784
949 136 9064
645 172 4487
468 567 356
370 307 4253
848 636 3915
235 418 2604
475 919 2981
494 699 8424
779 463 8930
834 773 580
172 836 9641
744 926 3251
517 72 4928
131 732 689
368 77 4755
154 31 4650
50 674 9793
474 305 8285
381 353 5097
649 276 7996
6 385 1268
368 713 3610
292 442 1174
145 480 9939
629 355 106
845 947 219
435 908 7639
655 997 6719
23 415 3543
124 666 7585
729 526 6832
485 592 7913
747 165 7371
307 284 6960
520 265 9578
783 132 1885
469 929 9123
249 657 4867
973 924 3735
302 422 5664
904 744 3799
753 12 8376
239 342 2640
373 604 6448
579 780 8557
62 752 7243
38 129 2729
512 856 1609
454 294 2657
127 346 2678
289 771 7116
768 326 7379
968 336 2249
300 728 3521
543 344 1312
267 795 5073
700 542 2303
809 464 4200
552 794 369
514 433 3188
567 894 2818
583 245 4131
902 648 6159
93 365 6014
615 615 719
235 632 5454
361 607 9277
734 948 7778
688 731 3881
198 458 244
643 988 4390
667 923 3826
777 202 4048
922 724 401
521 879 3641
408 605 9606
378 289 1716
521 119 1215
208 569 7024
950 597 24
689 983 2263
873 158 9013
424 128 8518
22 68 1192
155 247 3960
213 864 6653
805 349 3501
342 563 2241
952 819 9127
89 523 7421
428 943 6573
68 805 199
351 97 743
582 130 1874
864 462 9496
349 37 5197
791 427 2153
262 90 1176
107 576 770
515 61 8194
803 717 6267
346 257 9500
567 930 994
919 948 4967
434 413 8699
321 548 7575
326 441 7293
550 735 5989
990 62 3350
630 614 5288
353 620 8238
115 580 3797
369 331 2150
392 350 9409
398 364 9480
439 262 1068
241 59 9213
789 600 1061
833 434 2997
201 227 9606
504 55 950
973 562 7892
851 530 7038
985 968 5549
183 111 8385
784 114 5244
854 531 9315
925 562 5498
668 405 9708
628 134 5972
557 768 8876
985 70 3236
267 965 6650
323 488 8689
451 966 7595
614 941 8995
784 618 1657
348 642 1628
8 436 9245
938 549 3469
452 320 2248
730 434 1856
5 915 4696
882 836 7378
821 848 2408
955 107 7129
684 30 9705
384 123 1076
471 43 6862
189 725 2498
942 649 5582
659 200 6241
809 242 5583
58 705 4137
360 989 7445
612 366 4971
823 705 4937
106 954 9637
663 900 8908
220 742 2876
520 689 2310
447 41 7223
395 564 5786
994 94 3724
67 470 2165
10 754 8277
418 644 1083
202 630 3928
177 75 7796
565 574 2255
38 399 7828
1 345 5182
957 105 4746
900 77 571
728 381 8063
75 654 2766
917 447 3670
830 357 7493
38 287 3471
757 42 3437
746 830 5063
391 186 287
969 516 9089
386 701 9538
407 749 1901
508 321 9022
983 120 8875
527 345 6369
924 976 2492
540 370 1102
419 143 3634
698 482 1672
28 912 8719
599 680 7722
409 399 6525
452 178 3943
828 784 2684
750 970 5423
599 694 3683
973 996 7789
673 214 7571
321 178 3993
194 305 5523
295 432 441
818 911 3770
907 479 6546
735 173 1775
39 660 1822
918 992 3341
668 397 6235
445 850 5777
614 508 9941
919 93 7854
200 665 1526
310 417 6498
794 873 1728
368 240 7913
570 656 3727
720 333 5456
664 16 5234
986 856 9642
987 547 3956
641 207 866
556 193 384
184 939 9859
337 392 5397
87 551 8556
35 630 6969
635 705 140
130 483 6753
370 352 9990
385 438 9447
280 205 784
127 847 9163
408 322 4475
753 955 501
170 294 3481
511 606 7483
196 923 8988
629 548 303
185 22 6678
426 611 1138
211 5 1307
986 169 3665
686 785 7856
36 585 4575
80 580 5570
738 794 4715
744 261 582
38 888 4753
532 288 7738
802 75 3653
430 170 9344
25 635 9171
877 914 8720
102 290 8344
870 399 6959
870 647 6356
746 628 8801
255 961 5485
931 438 7008
612 760 2760
144 732 508
331 767 26
788 154 6963
1 752 2821
232 787 5900
486 911 4557
516 950 3497
246 686 5462
478 666 359
892 441 1712
279 580 5786
824 508 1414
208 656 7982
715 1 3219
918 232 2566
225 500 2214
617 926 7870
245 961 5444
757 185 7619
556 245 4009
450 655 9042
924 655 4114
808 742 1170
585 707 6368
693 967 9930
224 192 4237
69 676 8848
657 149 4826
268 415 6329
734 72 6127
232 872 3423
28 681 9263
664 88 6072
577 896 4311
268 563 3926
380 736 497
614 868 6899
279 886 5549
699 701 9343
433 484 6280
119 810 1901
41 712 3633
185 459 9504
148 820 722
635 32 9848
271 951 6373
817 378 9339
181 848 8517
286 306 6034
524 290 812
690 520 5270
533 656 8638
357 74 3954
150 440 114
709 255 7862
526 289 8314
839 962 2455
19 159 7405
440 149 9947
233 140 1779
128 663 6391
149 460 4615
1 222 9539
692 698 8025
185 491 1024
839 563 4803
702 179 6259
784 595 4583
306 836 8609
706 463 4142
712 181 3124
280 273 3373
23 273 85
213 501 4551
20 424 8450
465 620 2782
549 479 572
17 177 9611
76 820 6374
101 192 2768
162 175 9524
728 626 1281
367 330 5990
708 794 6782
616 538 8605
61 676 3424
409 390 1369
629 593 5038
110 330 3217
56 844 7568
767 153 8355
842 156 5890
429 436 1146
994 962 9202
143 724 8442
443 79 6860
403 192 397
902 662 1400
13 332 6341
642 314 6597
976 994 3161
222 672 1162
161 205 1101
736 407 9079
401 537 5774
328 225 4212
987 379 6523
908 464 5536
106 236 7800
307 48 2896
884 355 9622
696 76 1690
579 354 2005
553 687 6720
668 472 159
43 126 1734
612 736 991
305 649 2501
214 470 5442
247 261 835
886 906 9436
121 367 726
718 440 2185
513 883 166
196 367 2205
864 970 5805
427 272 7761
996 214 7009
245 641 3948
780 236 5239
494 750 2836
551 360 3268
769 910 1424
833 994 7665
38 129 997
911 378 5983
366 644 9429
60 339 6893
143 600 4031
439 816 1012
114 934 8712
734 862 4023
56 809 2921
874 71 2425
480 211 5548
216 730 8208
11 36 4376
802 611 3394
797 2 1843
296 262 8551
765 882 9685
287 640 2448
93 677 5997
457 53 2423
828 530 4834
502 335 3456
705 906 8667
227 621 690
235 903 5408
196 234 6923
706 854 26
565 789 6180
89 992 205
552 338 5296
431 833 7986
420 206 1879
162 93 9118
711 399 4480
958 172 7411
401 900 3726
552 592 5882
466 672 9592
170 106 3126
544 304 2201
279 328 3546
673 318 2881
627 655 7404
541 225 510
222 922 5669
733 105 8845
381 223 4358
225 33 9212
185 967 9267
367 398 5900
925 161 5559
224 158 626
72 100 4010
422 822 6034
764 454 946
278 606 3406
238 869 9309
12 997 8774
901 464 6991
83 317 3358
564 859 2059
942 56 2545
374 240 8112
339 633 974
360 214 9629
182 283 867
359 644 423
196 518 7028
5 108 796
403 286 2106
950 799 4464
246 292 5781
49 254 4431
233 829 5773
67 365 9228
992 849 4796
641 218 8873
82 456 2634
65 522 5255
833 98 1122
689 517 5570
751 912 6359
262 692 7141
752 680 844
67 572 9357
635 456 6821
551 609 4106
757 592 8833
8 4 3762
766 103 1101
516 31 6663
669 163 5695
883 425 2151
515 854 3706
409 70 4344
537 413 5073
761 97 5787
353 690 6577
102 441 6707
896 836 1071
299 703 3973
823 274 4890
554 894 7746
901 251 1391
477 517 6691
411 11 8439
416 973 1194
997 127 5881
773 315 3481
346 66 5504
972 329 6004
140 575 9238
691 642 4634
615 472 5549
394 299 5287
986 795 5113
871 942 6102
568 488 3992
426 14 5826
352 577 530
141 396 760
922 482 3605
151 610 6559
672 264 9143
452 296 515
315 950 3461
919 671 8071
112 87 6953
421 992 2777
873 926 5610
811 603 4615
831 914 141
159 514 5947
62 515 8943
893 776 1523
595 853 5673
768 710 7005
527 820 2710
883 441 432
438 236 8195
633 958 5846
535 933 9842
901 557 7227
707 781 2045
223 489 6626
353 393 5718
596 589 3127
853 842 4920
723 866 6016
846 644 8899
776 368 3292
374 310 5589
115 738 5611
972 887 9198
5 374 1400
191 914 3710
820 257 5336
439 187 4172
971 902 276
874 91 2696
413 520 8865
567 490 3370
736 155 1596
8 90 5794
647 70 9606
21 918 9754
972 205 504
313 515 3348
947 581 3132
642 762 7084
318 769 5955
372 516 4736
112 236 1173
97 238 5347
151 193 5379
579 234 9419
846 728 7139
645 284 5711
518 215 6278
6 822 2806
384 227 6296
17 264 7573
156 866 8509
369 738 8379
701 342 7594
968 889 7290
376 58 830
511 638 431
814 909 2620
623 202 6497
135 1 4367
819 348 224
300 410 8363
912 608 9242
456 55 3688
305 895 7639
696 680 4894
575 42 8578
985 130 1270
502 631 9750
778 922 854
812 750 8063
544 496 835
91 752 5288
732 729 6914
504 802 8679
724 449 1251
250 69 9297
870 130 4619
204 192 7675
411 670 5913
842 76 5305
922 163 5240
151 670 2822
876 289 3462
242 429 445
26 668 3848
660 419 6227
679 405 514
462 153 9193
707 422 2800
916 145 8061
635 809 4531
247 246 7959
449 434 3949
462 395 675
815 926 4194
568 236 1102
981 794 1878
353 692 5684
433 849 8296
40 697 1328
745 240 7468
435 734 2786
57 104 6017
22 309 8280
391 70 6913
168 890 7171
503 45 3624
418 32 4113
225 894 2596
129 754 9241
346 734 1436
336 627 8548
919 174 9788
524 51 9694
11 304 9098
280 4 4267
603 505 1280
984 848 3806
427 252 3254
905 305 4898
772 321 4606
137 52 9254
781 355 6660
463 666 1152
405 866 959
870 425 8908
217 504 9104
450 204 871
583 33 1004
166 896 9767
610 243 8942
935 521 5430
116 489 6796
384 75 2432
214 991 2914
64 182 9519
148 519 7006
808 890 8150
899 32 8499
149 658 5732
852 859 3254
337 798 4481
957 77 5102
797 151 1321
344 913 2754
235 560 7776
673 222 3474
69 379 3645
221 818 5886
616 16 3605
158 829 8582
887 118 9010
15 670 2376
439 27 4510
357 688 6717
808 156 4981
664 590 35
337 666 3201
110 617 109
451 492 3125
824 147 5356
64 977 1955
603 643 1492
851 859 6084
688 754 4675
507 206 588
131 785 6616
74 393 9903
129 435 3041
123 664 7973
119 108 9906
946 434 5319
865 58 2044
75 614 5390
448 851 1370
569 292 4023
898 634 8328
5 368 272
707 978 7320
805 820 6410
477 28 5606
260 362 939
605 902 175
964 750 2761
605 511 2877
30 623 2446
504 558 9475
910 581 2729
168 535 7364
987 53 7310
975 126 8916
328 920 191
248 368 6802
487 967 8742
406 595 8565
188 739 4848
62 294 103
72 594 653
732 549 3738
953 783 9751
29 234 8021
135 990 5314
165 167 5807
862 659 1835
445 209 5502
72 191 4898
677 237 3006
140 758 9530
861 906 2912
474 309 9377
387 890 2267
769 528 1096
763 627 7237
288 656 4056
347 954 7671
714 394 7687
891 19 3836
534 593 2591
518 354 8458
716 341 187
355 613 8762
405 784 6991
671 565 2796
83 265 6700
669 24 3561
316 453 6982
897 596 5330
502 510 9661
586 129 2425
979 131 6909
306 856 2413
852 869 9499
909 864 8943
79 399 6518
140 96 5359
254 282 6054
143 654 3091
772 243 4635
87 657 6947
885 135 5638
138 489 51
850 425 5352
445 289 1000
96 281 6926
352 932 6593
121 807 6756
433 811 980
190 597 5486
513 744 7726
218 94 8141
665 974 3002
650 732 1520
255 499 2212
978 273 2062
761 517 2641
679 588 703
21 112 1292
302 653 401
775 92 731
465 315 1317
876 273 7225
182 573 7196
312 146 339
762 650 5797
451 539 8027
350 958 7637
660 38 4259
359 6 6869
967 911 1701
810 60 498
414 221 2617
619 648 9752
753 18 5490
995 77 4736
433 925 7463
911 300 3432
426 12 4784
224 602 4636
87 145 3427
72 327 395
298 829 8958
452 489 8391
862 41 9107
617 140 9657
351 234 9286
295 638 1108
928 13 2543
575 970 3005
810 536 9487
91 684 2912
194 221 8020
403 67 3480
720 988 4778
434 297 8225
550 188 8191
242 17 3565
187 705 328
758 371 8409
606 794 143
340 419 2267
722 106 2009
302 610 7140
171 393 202
758 7 8985
32 815 9800
830 767 1762
713 316 8117
393 635 2211
326 193 5532
774 289 1315
177 531 7141
535 805 5666
509 963 6390
517 899 1700
12 667 3650
936 187 1289
549 977 2375
434 706 9298
187 63 2360
836 430 5802
696 360 348
932 799 784
987 651 8181
789 935 13
525 794 365
718 603 8121
28 514 4096
736 620 1983
655 260 8079
418 506 4560
102 657 8176
443 615 2645
229 81 6434
772 302 5118
536 471 9707
235 437 3528
147 673 613
439 964 4028
427 851 5101
444 258 9550
637 526 3021
822 471 3313
919 437 4658
84 228 6654
615 885 3249
414 665 8659
227 168 4793
741 768 2906
512 432 4878
326 911 1572
85 500 3459
544 856 7418
621 879 6224
592 845 1049
982 167 9804
738 15 3930
616 738 752
285 172 6442
266 430 6073
5 730 3621
752 845 2181
178 308 4743
13 3 2046
386 249 8575
446 167 6496
477 79 6106
425 185 7079
438 675 5075
193 615 261
861 502 7722
850 432 3757
787 277 9466
938 314 3166
92 280 5898
361 900 2929
936 857 7694
621 45 4856
310 530 1123
734 737 5638
5 554 3084
17 680 6068
148 26 202
21 679 202
143 205 8467
341 651 8241
894 220 283
647 545 3127
352 154 2739
917 566 9141
633 266 6972
148 283 9098
22 711 3757
406 1000 9493
971 851 430
423 315 6892
863 460 3010
138 974 3771
285 380 485
12 351 1645
581 552 552
924 760 6741
24 671 6188
756 4 1107
373 970 4163
167 229 9554
735 152 2406
699 747 6425
440 860 7137
930 874 5640
465 220 9833
269 308 2660
938 684 71
597 216 7770
450 979 2872
847 83 3863
708 234 6684
518 217 8737
838 339 2882
713 262 9569
864 861 5127
803 906 4924
447 691 8939
817 565 5512
181 534 2105
840 29 5312
97 651 6177
335 369 820
403 877 1395
680 872 4769
410 169 5590
288 846 8473
682 80 2621
179 961 9020
294 416 8846
883 707 7512
3 908 3597
467 619 5068
129 367 5734
988 716 1689
340 50 6761
111 437 3359
491 144 4721
449 708 2919
511 488 4968
307 677 4673
988 310 4059
830 419 6531
935 829 4325
450 38 5795
859 969 8815
57 282 5671
529 419 9563
964 549 150
225 996 8827
89 133 3129
702 861 7961
678 262 2657
414 508 2023
980 995 8455
887 849 752
541 295 1191
62 788 345
208 380 1179
500 972 6072
644 681 299
53 471 1530
118 991 9606
549 288 8981
706 842 780
258 887 6235
465 82 118
522 370 6923
371 733 492
502 609 3886
158 252 1580
244 569 8826
116 712 4547
258 550 1590
800 861 9697
471 862 4197
764 410 4467
656 699 7784
630 350 586
579 676 7430
715 587 9345
802 453 2927
462 136 9818
569 962 7350
56 243 8962
205 310 6253
507 865 8319
789 176 8067
515 36 3367
690 938 8022
232 615 1670
815 970 8019
97 340 1396
669 637 3849
255 273 6534
274 333 5377
982 9 5211
393 58 1015
764 353 5340
563 832 8329
429 258 7401
507 446 2106
471 592 3101
997 544 3085
519 247 9470
943 238 37
101 158 1527
962 66 7045
522 437 2364
421 975 1945
516 96 1699
684 418 1135
137 4 8309
69 266 967
662 534 8492
819 549 2393
774 105 8897
655 860 4663
259 123 4623
651 865 7564
451 185 4031
593 954 907
184 642 6032
31 227 2639
705 860 2987
582 555 582
65 885 9127
158 809 3444
635 430 1793
118 310 5402
990 374 8355
247 625 2475
761 834 294
60 168 7529
717 25 134
457 624 1154
674 164 9513
103 191 5306
229 214 8920
910 638 8887
650 230 382
895 154 3672
297 100 3948
642 642 8770
916 933 1163
70 299 4476
575 371 559
942 548 3627
934 731 4705
267 714 3291
298 800 2445
341 592 2304
688 744 9712
959 505 7473
108 111 9318
358 387 7674
938 511 1581
950 765 3446
667 919 2749
583 787 6158
477 135 9407
133 850 2050
448 854 2247
710 540 3783
365 648 1562
822 857 3527
285 603 2335
231 528 2745
788 821 8736
34 474 2995
879 254 7860
6 171 4913
28 699 7621
134 413 3386
632 15 7847
643 804 9498
951 964 2636
27 697 4319
897 855 4313
7 233 8055
44 936 4045
366 650 9079
75 434 2157
720 457 9248
507 383 8308
267 986 5747
715 209 2013
883 553 3060
819 637 5390
447 587 8897
874 585 5737
247 415 4193
689 55 1210
827 587 2189
515 906 5959
818 582 1236
532 320 6633
619 303 9235
937 683 2288
626 679 5602
383 245 9962
765 262 1136
174 461 5233
3 38 9127
216 426 8612
98 713 2575
285 408 7655
369 661 2428
77 412 9735
907 612 3255
586 652 2629
808 501 6490
172 601 715
333 719 1012
794 457 9662
490 575 3500
157 593 4323
321 383 5173
415 560 3612
179 368 4441
504 46 2506
398 710 1687
703 450 3839
780 771 7262
264 782 6252
933 212 5926
801 630 8528
10 833 2916
589 442 3109
779 616 5314
919 44 5309
814 530 3423
333 75 8498
776 958 3247
899 424 9960
381 528 2703
792 823 7051
360 92 2291
128 901 6904
646 365 2009
931 981 7472
287 462 3206
964 723 6951
335 177 1076
162 242 2394
945 418 2534
868 916 9188
343 725 1754
896 781 7642
981 295 3641
422 102 9675
532 241 2637
689 115 2139
344 48 5851
922 100 2939
566 116 7329
845 111 9345
751 401 6282
246 513 1655
833 249 3789
492 744 9941
267 550 931
935 346 2318
130 142 8163
114 662 1129
448 864 9240
697 494 9628
132 284 2958
775 194 2509
226 219 2801
269 924 1027
621 931 1538
44 792 5410
524 148 1691
232 175 4589
616 582 555
828 193 3903
795 347 6428
951 297 552
996 121 77
19 685 4030
838 575 8724
495 991 6920
797 271 4204
525 58 2722
28 595 5557
503 269 9292
145 897 2017
26 547 5845
660 297 9822
440 693 8689
898 371 7801
301 151 3402
28 985 7784
764 659 2163
882 381 1052
647 88 1528
133 962 9599
702 705 5385
75 186 9962
402 799 2499
71 410 7410
279 686 1706
450 587 6780
530 677 9633
993 161 1161
820 106 9909
978 748 5275
413 451 682
579 333 9016
648 303 5187
814 292 9535
471 408 8493
314 447 8711
965 700 5241
233 604 8486
301 368 9463
637 762 3858
466 916 326
395 635 1322
407 53 5504
311 748 6777
181 908 6371
999 605 3280
706 177 7849
362 788 4809
610 955 6712
44 824 5903
915 543 8401
194 287 4310
750 253 5919
304 840 7234
345 294 2916
419 790 6780
800 237 7786
727 49 1855
671 367 6260
698 522 7967
775 914 8229
54 220 8260
516 851 4800
607 84 9117
978 778 3644
642 696 626
95 7 9215
306 46 7186
250 260 7255
531 354 9915
343 269 7112
231 861 9898
283 570 8487
790 871 4223
411 277 5697
620 15 9202
505 811 5116
270 488 2846
899 502 5643
161 233 6773
345 983 1441
710 213 215
57 363 5655
94 845 4378
215 327 8098
874 877 3140
942 923 3631
922 257 3193
719 506 1688
874 988 8468
360 426 3784
485 665 8693
391 637 4854
93 791 7185
348 828 659
437 66 9237
218 221 5868
231 935 4255
747 622 6734
394 171 487
189 942 6266
907 462 9972
464 256 1794
835 971 9983
285 650 4118
973 669 5460
457 213 3628
716 379 8017
397 112 4083
651 603 9707
728 439 9981
101 480 6700
108 493 7441
345 34 1147
291 520 2902
486 54 3092
894 785 8533
354 170 4587
541 888 3564
549 327 5345
976 144 2976
645 522 781
641 987 8502
155 654 2722
76 529 588
238 825 1638
255 904 4538
525 639 8470
798 675 2880
445 448 2985
407 193 1652
760 619 1165
887 226 6071
470 91 4863
382 974 8791
947 366 2956
241 480 7377
533 674 5510
286 16 2447
358 691 7176
609 759 5899
287 460 2888
218 968 377
233 100 8847
805 247 3735
877 717 7916
24 281 484
115 884 4462
672 349 5846
957 577 5350
753 815 7894
708 435 2301
250 534 5717
66 171 1383
390 678 2154
605 678 9576
870 603 2313
599 353 3694
828 792 807
532 806 5368
878 496 1104
41 877 9385
519 119 4723
207 696 4564
630 208 335
360 175 2633
162 963 4150
722 934 597
513 932 5761
666 211 380
127 515 4762
859 210 5950
88 951 5067
600 750 454
271 39 1167
545 618 6355
32 164 4150
858 105 9857
176 624 9311
876 78 6022
638 27 5786
75 820 4405
786 942 9074
980 88 2908
288 771 4385
738 81 280
909 692 6172
535 876 8856
323 706 1596
418 167 2092
587 338 8941
551 885 9467
686 886 489
891 581 8187
157 593 454
946 854 2965
814 283 7872
359 271 7080
284 451 3148
539 130 1348
225 866 4443
278 485 6876
984 612 8730
347 728 7264
389 633 254
340 889 4653
574 7 5324
526 483 602
342 105 2485
220 519 3862
669 462 8645
929 369 2888
974 791 3832
143 893 6548
95 777 1290
991 427 3087
76 701 3807
856 908 863
883 141 3913
208 469 823
70 851 9593
644 640 9786
496 158 1590
276 207 4992
752 654 9095
897 361 3343
543 778 926
255 296 6085
714 676 4950
156 840 8289
844 686 3569
933 813 7118
812 12 5495
887 561 992
99 386 6068
857 785 5199
411 171 8016
851 755 6257
302 653 3342
806 369 2606
888 429 4282
22 711 7756
968 128 5263
153 51 4904
268 882 6315
327 466 4785
819 569 1010
830 163 5029
94 728 4126
210 996 966
792 891 2269
989 587 119
18 186 1686
78 625 9112
441 525 8803
635 20 4275
648 264 7019
825 369 797
132 737 5948
420 639 2112
824 365 5434
576 788 9879
652 778 6821
613 557 572
933 900 6120
419 619 2784
638 322 6140
827 846 6434
135 999 1374
873 771 3482
152 357 9607
515 911 4289
408 805 455
291 45 1294
637 105 7508
242 80 4286
621 494 69
465 205 9011
372 857 4891
933 878 3674
291 50 2701
603 884 142
81 949 9117
695 497 4134
124 122 1985
476 685 2571
796 808 6689
622 462 8797
388 738 724
361 267 5499
288 348 7545
359 896 9061
631 314 385
542 615 7809
227 983 6278
1000 147 4370
555 20 7341
641 649 3055
289 910 363
156 22 8197
533 657 5529
85 213 6746
746 649 1163
566 783 6524
757 879 731
364 382 9317
660 620 6961
233 590 5806
738 322 9576
413 380 1089
763 879 4893
26 746 7863
473 306 4576
737 251 1627
44 560 6719
228 472 4120
672 812 4281
228 827 8421
214 606 7388
773 367 7778
733 152 4325
588 623 4785
713 534 1837
395 709 3519
494 124 7104
644 726 578
6 426 6643
695 691 4570
207 608 882
84 297 8987
759 817 9155
305 87 7304
379 979 6306
433 753 583
818 416 7361
485 632 190
852 186 6806
446 755 2834
70 154 4214
317 337 9859
991 125 6333
370 454 5996
665 920 6776
440 166 2685
632 478 1644
254 556 6877
461 117 7812
356 639 7012
460 126 4975
656 109 1624
479 685 2113
166 790 9070
91 201 1650
832 886 5317
652 480 4076
848 494 4201
676 337 9341
217 857 7169
257 281 8360
41 913 5660
568 115 6112
177 549 6487
365 820 843
419 840 5532
191 495 2551
818 137 3989
865 967 7704
391 926 5422
275 135 9088
435 149 3053
883 913 5879
267 770 8656
496 328 5656
716 171 6143
59 91 3518
634 547 1895
925 641 736
328 158 9089
573 936 2523
607 350 2715
3 657 523
698 771 8931
843 647 4760
146 732 6693
3 372 4984
407 890 3983
962 855 7182
817 78 7132
634 766 6627
864 942 4652
76 738 8410
827 940 5994
348 526 8986
165 481 9046
894 703 4011
741 328 8063
257 497 4823
724 105 2493
110 669 8500
637 370 4112
616 645 9960
561 866 9707
297 192 27
80 951 5363
123 541 383
442 399 7981
406 373 4398
980 645 1202
708 992 8674
261 162 195
71 699 6725
889 38 101
214 836 2089
842 587 1664
284 946 9484
917 87 8045
29 859 5503
964 941 5316
696 489 6231
193 541 8348
771 89 5211
750 714 127
527 415 7384
881 290 3646
452 712 1229
910 252 2947
675 956 5973
153 214 9307
401 323 5919
713 161 4245
19 24 8313
699 559 8025
615 700 3554
219 414 2608
831 433 4152
98 899 4075
534 187 593
497 263 2748
549 284 3346
513 975 9676
632 529 6280
614 848 624
544 473 2480
261 327 5542
367 758 7972
881 191 2512
114 350 4952
603 376 5609
444 499 6521
983 314 5158
436 131 1927
771 856 9356
597 610 4370
441 367 1224
339 972 7528
950 720 6298
497 96 4747
181 179 8711
56 460 5318
71 771 9934
890 593 9948
528 208 7585
58 215 3509
567 821 3656
787 63 6305
505 735 3834
777 774 327
959 998 2635
930 272 6033
206 585 6228
851 595 8759
727 887 3700
659 379 4784
69 457 9217
966 669 7945
109 460 1517
818 439 8315
141 284 8177
962 58 1195
469 990 8808
260 476 1569
471 969 1954
203 851 5279
106 91 3193
716 310 7162
496 782 1762
777 20 9116
381 179 1149
912 974 2544
294 566 1
70 974 6697
46 288 4672
81 66 9181
352 404 7891
597 568 1485
726 342 8448
280 408 588
102 18 3356
398 157 4156
454 499 819
991 52 8450
133 920 723
10 329 7404
657 531 9654
849 268 3665
75 574 8921
783 550 6730
117 81 9271
79 660 9795
783 45 3421
950 662 3939
32 506 3529
546 369 3522
618 6 2684
449 569 5489
752 772 7245
275 176 3435
640 47 9895
566 474 4722
96 671 6456
191 795 731
342 505 1877
250 118 44
821 980 6589
729 535 631
332 482 1014
672 351 3667
695 858 6372
496 152 5191
341 954 547
559 517 1983
687 860 5372
232 997 7446
132 110 1871
677 976 4250
425 420 4412
400 389 6635
371 227 1337
408 310 9856
990 36 1745
416 14 3248
862 16 2507
156 157 7306
916 189 9406
227 843 2805
876 827 6532
269 841 3999
76 369 5391
594 597 1410
119 288 8889
758 773 289
476 192 931
358 679 9934
486 511 1206
143 922 9857
343 550 1991
890 710 6104
564 843 4707
676 131 5982
84 257 4891
705 478 1640
562 462 6171
805 351 677
760 554 9351
756 989 3166
688 153 7352
75 441 7291
2 493 5479
488 784 9219
221 860 9228
836 354 6791
35 98 8922
478 528 1288
356 474 2549
777 241 8600
648 698 8854
653 632 9048
406 675 9777
671 865 8391
450 681 3711
322 666 3745
138 986 1152
170 866 38
346 679 2652
549 69 7891
896 101 9785
476 368 7786
536 700 7964
684 286 3147
749 154 7141
230 386 5206
894 723 5533
464 744 9959
113 121 656
553 926 8135
519 668 4850
264 210 822
503 147 9447
789 809 2747
310 601 5069
493 469 6650
868 649 4387
398 612 7144
756 454 5829
211 933 4655
578 280 7233
50 533 5476
196 221 7863
612 605 4399
283 946 2605
154 214 1595
465 949 40
741 535 9452
