50 447
2 44
24 30
37 19
19 45
25 49
42 24
33 49
49 3
17 28
21 30
39 40
24 13
37 24
14 11
36 50
4 19
47 32
45 2
3 10
16 40
1 15
25 42
16 48
41 3
46 40
43 44
23 30
32 34
26 6
33 28
22 7
18 3
40 45
15 46
50 15
46 8
16 9
2 35
7 42
32 14
15 6
12 32
38 45
20 17
41 29
21 11
5 42
27 31
31 36
13 40
29 22
7 18
21 20
47 30
48 28
46 26
31 14
46 43
5 13
8 45
25 30
36 20
7 20
36 32
24 35
16 3
28 25
6 40
32 3
4 25
29 37
36 20
43 49
3 35
48 6
33 16
40 35
26 45
2 50
48 30
29 13
44 47
9 39
46 14
23 45
21 6
14 45
3 44
50 5
33 50
27 6
24 4
33 32
4 38
1 9
14 4
7 18
48 30
23 32
21 32
45 33
8 37
10 17
44 17
36 41
48 10
32 8
2 31
1 48
13 15
25 22
39 7
20 36
43 20
10 19
26 13
19 41
34 20
17 39
29 30
37 38
20 48
7 28
38 49
32 48
19 10
12 37
9 18
33 39
47 35
24 20
20 43
50 24
8 44
42 40
33 30
44 40
25 28
10 47
20 27
26 20
11 2
11 26
43 18
26 31
27 16
17 35
26 10
37 29
30 8
50 5
49 24
10 17
23 37
29 50
36 39
24 45
28 19
44 7
13 5
10 14
17 42
50 48
44 15
45 29
19 28
41 27
9 35
35 38
28 48
11 23
10 40
26 16
17 42
33 35
33 37
39 3
16 3
40 18
5 18
24 46
1 33
32 15
45 24
35 43
6 43
42 8
31 43
25 31
25 30
41 24
45 24
25 16
8 50
30 9
46 29
11 38
17 30
21 13
49 9
8 30
8 31
3 28
31 14
35 29
43 4
35 7
15 20
50 24
2 4
1 14
23 10
15 39
31 17
13 34
24 20
37 25
33 10
23 49
49 5
15 13
38 37
31 5
47 11
23 35
34 11
15 44
44 21
28 19
33 6
14 41
33 22
9 35
16 36
4 27
46 34
49 29
49 21
46 14
17 4
9 41
4 2
23 13
36 4
13 3
4 15
23 1
46 5
46 12
40 32
4 8
18 17
46 26
43 18
45 26
44 12
42 21
39 15
47 11
14 41
28 15
23 44
39 12
20 5
25 10
29 6
46 19
26 1
36 32
30 19
26 28
18 9
5 50
6 7
29 30
25 22
14 4
28 36
48 10
23 1
11 47
33 22
32 33
36 10
47 10
10 21
39 34
29 49
25 31
32 38
49 17
33 6
9 18
6 47
27 44
22 8
36 1
10 2
49 26
12 31
31 5
34 41
49 12
19 32
28 38
2 13
45 24
34 10
40 32
22 26
7 35
29 11
48 20
36 30
49 24
48 45
9 1
34 28
44 25
19 39
40 41
49 9
37 9
11 43
9 44
22 33
35 43
42 15
32 21
24 50
26 41
2 49
24 10
47 35
36 49
16 23
10 36
11 17
3 16
31 29
44 29
15 11
4 25
43 13
50 40
25 50
49 8
38 42
10 27
23 11
15 39
50 12
22 26
16 23
10 27
38 37
19 31
28 25
27 44
22 38
37 14
30 36
26 50
16 34
22 12
3 16
6 2
18 36
31 24
1 24
23 22
30 17
31 34
32 36
36 39
30 5
50 14
29 44
9 41
6 5
17 35
19 6
44 14
24 11
35 24
41 9
28 7
5 31
3 42
18 23
2 32
28 36
27 41
50 29
8 50
34 37
26 20
23 50
43 39
6 17
8 35
35 21
22 5
3 44
18 27
13 33
1 38
2 41
6 7
39 15
46 3
21 49
47 13
6 34
30 34
50 47
23 16
28 15
32 15
4 17
27 20
28 23
3 31
39 34
39 27
33 37
3 28
8 30
18 34
8 32
50 29
49 26
38 32
15 20
49 34
5 49
28 14
32 27
16 2
28 36
20 36
13 36
1 27
21 44
13 8
41 12
25 45
