100 2500
26 23
97 44
36 39
26 57
45 10
79 42
59 18
9 58
94 93
54 39
35 2
76 61
63 82
53 88
13 90
87 18
21 52
58 17
65 76
41 10
16 51
69 28
92 7
28 73
5 2
30 77
71 40
39 10
14 21
84 11
44 63
70 53
3 100
82 73
22 29
84 47
60 55
77 16
41 6
93 6
100 55
20 41
45 78
11 88
85 34
91 84
4 59
48 33
70 5
80 9
60 1
78 53
38 57
87 96
51 86
33 50
41 62
75 62
66 21
29 94
45 58
71 84
94 21
39 28
55 62
34 51
9 26
58 99
27 56
4 81
34 71
6 33
85 18
99 64
1 72
79 68
72 49
14 13
83 94
7 88
24 55
89 46
42 9
42 95
95 32
88 37
55 76
52 31
31 98
74 35
12 51
26 25
20 27
28 89
33 8
43 44
68 19
72 15
96 67
90 11
73 24
39 44
66 51
22 37
92 39
38 67
54 85
85 32
6 39
75 88
75 46
67 18
5 42
85 82
30 33
84 35
23 10
74 43
75 56
60 7
34 61
15 34
87 40
2 7
16 87
60 21
52 73
42 53
60 93
73 44
78 57
78 77
66 79
17 70
62 9
50 73
39 80
11 68
56 51
25 72
78 51
18 53
72 13
21 48
90 89
88 45
64 19
70 73
33 80
51 94
24 17
31 42
22 93
11 94
34 79
86 95
88 85
78 73
65 26
52 77
35 24
87 44
49 8
70 35
11 22
62 97
92 25
75 16
30 23
76 99
72 19
80 85
67 76
1 44
70 83
38 63
94 25
17 78
18 21
97 26
79 20
85 2
46 63
32 15
98 21
77 80
9 22
100 73
20 45
18 37
65 14
34 59
21 88
98 59
80 83
65 4
100 75
73 16
88 35
10 73
48 79
96 97
37 50
43 68
5 72
19 18
99 12
82 13
25 100
64 19
19 96
39 74
19 42
41 28
97 66
78 51
63 98
77 76
57 70
4 19
80 71
89 52
54 21
98 75
85 26
50 57
19 92
28 75
13 62
14 93
63 90
72 51
41 30
69 94
2 83
76 99
9 12
68 47
33 86
74 49
35 26
79 36
86 69
18 61
8 63
23 98
86 27
97 20
73 90
99 26
93 28
63 52
49 16
15 58
93 100
36 41
31 44
10 55
55 28
6 65
33 56
84 5
30 55
14 77
76 45
72 37
99 26
27 74
88 13
68 17
46 29
2 65
61 94
66 11
19 82
56 39
8 37
1 22
83 8
18 55
86 5
2 19
31 62
12 97
30 41
25 86
14 89
77 36
97 30
91 18
76 15
52 57
46 87
95 30
71 56
5 16
36 47
20 69
18 65
49 76
51 54
81 50
13 38
1 32
58 29
9 48
24 41
19 18
88 21
23 62
86 37
34 99
75 12
5 64
12 13
98 87
98 11
93 60
64 5
89 10
36 69
1 32
80 75
34 7
26 93
39 18
85 36
53 80
26 21
12 9
27 10
88 41
80 21
1 74
91 26
3 50
1 62
54 27
40 63
88 61
73 88
86 63
73 20
76 45
82 35
40 29
56 89
57 44
83 86
19 4
13 94
69 60
57 4
93 54
35 60
59 50
85 70
81 20
74 79
89 96
24 9
12 47
53 48
36 17
71 76
37 72
50 87
22 39
94 11
20 9
33 72
8 79
22 43
68 31
46 69
69 68
30 93
63 76
71 10
68 63
31 60
25 78
4 95
62 7
91 24
5 90
2 47
17 34
67 78
92 9
53 26
56 99
40 49
88 95
92 15
37 14
24 69
21 46
70 73
23 4
37 14
33 72
53 2
58 65
37 30
52 11
85 40
35 4
68 63
18 45
93 96
34 97
97 42
4 51
30 93
44 33
55 28
73 78
16 87
13 50
97 10
5 66
33 38
40 55
100 47
84 41
43 6
38 91
65 36
83 92
88 15
56 31
36 7
40 55
100 95
77 90
45 2
86 17
40 73
70 79
26 21
25 6
63 88
82 9
98 9
66 85
16 43
5 40
48 67
28 1
10 51
87 20
85 12
72 27
91 70
69 6
7 34
77 46
65 40
96 73
74 1
50 83
51 36
99 22
77 22
24 49
70 31
62 83
58 25
82 85
67 82
3 78
58 57
94 79
39 56
13 96
81 36
7 38
97 18
98 43
78 7
39 60
66 95
37 8
4 69
43 10
59 54
72 87
60 35
44 53
83 50
99 44
63 20
49 80
84 49
52 83
84 69
58 3
9 6
33 98
32 81
47 52
73 86
65 60
48 51
12 57
53 72
63 12
61 26
41 44
33 46
10 31
60 21
77 54
11 28
12 25
91 58
68 51
35 8
43 84
4 67
91 48
16 13
84 95
40 55
19 18
67 6
58 73
34 73
37 74
50 29
62 37
71 46
83 98
75 22
52 93
50 45
86 43
15 70
67 52
43 16
32 71
18 93
37 12
63 40
57 54
96 11
54 75
27 68
62 25
95 20
61 100
39 4
45 56
40 99
58 89
93 36
81 8
21 98
22 53
38 29
95 44
21 26
13 46
73 84
2 11
80 23
5 98
75 42
78 55
49 64
52 1
68 35
12 65
56 25
59 62
19 92
26 45
11 100
52 89
48 3
19 36
63 96
72 33
77 72
26 61
26 47
74 77
32 15
81 2
34 65
37 22
12 99
26 85
86 3
98 63
50 71
92 37
92 23
51 24
24 1
93 30
84 85
92 85
56 83
5 72
24 17
37 40
48 95
72 73
2 15
96 45
43 28
44 53
18 65
95 98
12 63
46 19
3 90
91 36
12 57
54 59
54 17
73 46
17 14
90 57
83 54
2 81
80 57
26 35
40 31
100 69
30 85
21 76
86 3
81 40
96 5
30 39
90 21
78 23
26 15
77 6
54 11
66 49
67 48
39 4
37 24
77 94
75 100
91 92
93 36
39 84
30 69
100 97
77 20
63 92
25 54
82 37
81 42
74 31
52 65
67 70
31 48
72 37
24 17
36 25
20 51
4 49
32 53
30 65
45 68
81 48
32 99
42 65
34 23
17 22
99 88
14 67
93 78
27 24
76 95
91 94
97 66
31 34
52 73
91 34
64 91
65 92
37 54
83 28
46 27
61 12
22 25
1 38
18 45
51 26
81 32
27 72
61 8
63 66
80 75
42 65
45 22
68 61
7 80
40 75
70 37
97 36
51 66
14 89
1 100
5 32
38 3
31 16
39 90
29 98
29 30
24 87
11 38
3 46
54 75
73 92
16 35
48 81
22 75
25 50
72 5
49 28
74 65
80 67
41 86
42 81
36 91
60 65
53 32
21 34
83 52
100 43
34 43
12 93
8 29
19 8
85 54
46 33
67 2
98 37
4 15
49 56
63 90
8 69
40 29
93 40
33 32
59 72
57 28
8 95
90 1
35 70
53 76
28 41
43 50
17 84
82 7
92 41
91 44
69 70
68 91
79 84
26 45
38 39
79 64
58 35
98 57
15 18
2 73
42 45
1 92
25 38
30 55
47 68
37 86
63 18
40 95
49 54
97 4
39 26
10 91
28 55
15 2
48 31
60 27
31 56
30 21
34 39
32 43
14 93
44 51
69 92
33 80
18 63
73 30
2 89
60 53
16 97
21 96
33 14
95 16
68 71
31 72
27 10
70 13
36 47
30 27
19 66
47 36
44 79
10 7
78 83
10 13
81 82
34 67
93 20
34 95
74 53
88 59
93 12
61 36
98 23
38 77
1 54
91 60
89 30
68 31
97 14
47 86
79 44
61 10
66 63
6 45
82 39
27 78
52 73
73 90
96 1
16 31
36 63
58 53
2 75
99 56
38 67
83 28
8 85
41 32
75 76
17 90
92 89
33 42
50 23
88 9
7 80
7 24
54 35
74 57
99 86
18 67
76 93
83 76
16 11
28 27
88 29
37 56
6 29
54 97
63 42
16 45
46 25
64 33
59 42
22 11
75 26
56 73
69 20
32 83
28 81
39 50
16 37
61 2
93 66
14 3
96 93
68 47
94 47
96 43
69 34
46 1
36 85
87 76
6 51
13 40
46 33
86 39
79 12
54 43
12 9
24 99
56 21
52 5
97 86
48 19
14 75
62 89
26 69
100 89
19 60
65 66
58 61
60 33
91 48
7 86
44 15
28 95
40 29
87 8
60 93
93 42
16 47
52 23
66 75
28 77
86 95
52 43
42 71
92 1
42 83
83 22
60 75
28 53
81 50
12 85
31 16
39 16
1 32
68 7
59 50
23 70
81 62
59 8
69 38
14 63
80 27
83 40
32 39
93 68
57 14
18 37
44 67
21 12
4 35
68 95
44 99
75 90
29 42
49 54
5 76
88 89
36 7
6 59
79 32
48 89
82 39
52 43
73 88
48 75
18 21
71 54
37 52
44 41
28 57
47 90
19 14
86 19
2 1
10 89
92 63
31 18
46 71
90 21
10 89
3 8
68 41
26 59
28 7
24 65
80 65
53 98
30 33
73 4
52 27
92 53
59 44
60 11
51 96
22 75
62 47
50 83
87 84
100 91
40 5
36 7
54 15
41 98
95 14
12 95
77 80
45 28
15 54
58 85
39 92
15 54
18 15
36 63
59 64
13 6
70 23
12 27
7 20
36 97
14 91
79 6
49 14
78 99
61 64
7 72
18 57
16 91
81 14
32 59
56 5
26 37
87 86
96 57
11 96
38 89
3 60
40 57
10 71
41 46
61 2
19 80
2 57
30 45
66 61
82 25
13 34
76 93
77 18
50 61
32 99
42 69
19 60
97 92
94 85
48 69
77 76
23 88
96 15
38 65
63 54
41 56
22 59
67 50
13 54
14 55
86 7
91 34
9 66
54 31
65 58
14 27
11 6
35 32
16 1
33 28
97 8
27 88
93 54
19 60
36 75
68 77
90 81
36 53
16 7
47 52
91 76
52 65
90 7
68 27
96 55
31 86
43 78
92 41
84 97
82 59
92 43
73 40
16 9
59 82
9 54
94 43
92 37
96 19
46 71
26 73
81 80
22 41
85 32
86 13
42 57
36 55
61 86
32 25
22 13
4 95
53 40
27 46
3 40
23 10
65 50
9 48
42 47
69 78
62 15
95 56
52 61
60 13
9 50
48 95
27 44
43 20
36 43
24 1
44 15
46 95
80 7
2 29
72 3
36 69
49 14
92 85
92 1
16 7
89 88
65 94
47 66
75 58
87 46
65 38
71 86
31 100
57 72
39 22
36 5
47 2
61 74
70 45
73 52
96 81
23 34
22 41
30 15
19 12
19 34
49 18
86 65
58 57
4 33
42 57
70 49
58 47
56 33
68 55
37 32
81 78
89 4
8 23
99 78
71 76
17 4
1 26
2 1
57 50
53 12
100 95
69 36
78 1
80 5
80 61
86 59
81 42
8 85
56 71
17 82
12 37
22 43
3 56
33 88
14 65
15 8
9 28
15 26
53 80
79 26
27 76
16 49
22 27
35 88
34 43
68 75
58 91
26 97
77 86
7 50
66 85
78 1
62 81
15 66
3 92
45 20
20 23
43 58
43 90
88 35
22 19
14 17
83 8
51 100
9 22
35 92
39 70
28 35
17 60
66 91
28 95
30 47
86 7
92 3
98 95
40 53
95 2
71 24
17 74
88 47
45 92
11 42
38 3
46 37
98 99
60 71
41 76
45 80
25 16
91 64
90 19
22 79
15 70
66 47
40 55
52 25
39 66
7 80
73 22
20 15
7 34
39 98
89 90
98 3
54 69
25 84
14 19
61 86
28 85
83 84
55 16
58 71
4 7
76 69
8 15
85 54
59 76
90 95
71 30
89 74
37 14
97 14
69 10
26 39
92 67
80 93
28 79
86 63
69 64
3 46
12 65
58 51
95 30
40 67
38 17
35 68
73 84
75 76
6 67
47 4
40 49
91 92
1 84
7 30
6 79
2 81
6 59
67 34
77 38
98 77
21 56
57 64
43 58
95 4
35 18
47 94
52 87
12 41
83 4
66 81
97 24
1 24
49 76
86 97
57 30
78 95
60 79
63 94
83 28
31 64
56 83
40 65
43 88
60 43
47 44
80 81
5 94
28 81
77 70
68 69
36 43
48 95
39 76
14 17
44 95
91 34
23 62
39 34
79 28
55 6
8 83
51 62
69 98
76 47
88 17
67 78
2 89
91 92
63 16
8 1
42 23
58 93
35 48
36 9
29 74
14 37
61 94
9 8
69 100
44 37
78 31
97 6
5 62
66 5
74 55
77 32
61 42
19 38
29 88
2 17
52 47
51 22
5 90
91 68
99 40
2 11
49 58
86 95
54 55
37 4
2 41
26 65
84 69
68 21
63 96
65 52
52 51
38 71
77 64
61 4
4 65
100 15
44 3
97 72
75 70
86 91
75 64
42 3
22 41
76 19
56 49
73 58
24 21
43 68
7 28
8 13
89 62
36 65
65 38
82 11
90 7
1 74
8 95
40 45
62 47
58 51
78 13
58 75
2 17
21 42
15 2
92 53
36 25
24 81
47 2
93 34
87 38
67 100
35 68
68 7
40 1
51 24
100 17
77 44
20 45
98 37
52 7
47 38
44 89
30 7
40 29
45 8
16 99
92 99
3 80
78 99
38 97
86 3
70 49
66 5
2 11
98 77
90 87
96 75
22 77
18 55
8 65
54 9
92 93
19 92
23 8
73 60
37 90
3 70
45 76
16 61
73 90
20 3
21 98
63 46
58 51
35 10
17 96
100 13
23 54
62 59
89 66
68 13
15 66
41 36
64 55
3 64
59 46
84 81
51 98
53 80
65 20
6 7
37 98
72 9
44 5
68 39
17 26
36 53
59 38
29 2
21 72
73 78
76 75
52 85
89 84
61 44
38 83
13 26
1 32
16 9
92 91
65 66
99 50
46 79
73 90
15 36
15 4
70 11
21 40
99 42
17 70
96 83
5 10
51 60
59 48
66 27
23 46
47 46
49 54
52 51
90 79
57 92
99 60
35 28
80 95
1 54
52 41
33 36
83 8
7 24
38 15
97 38
17 16
26 17
21 18
67 72
11 70
32 43
17 62
54 75
37 92
57 8
19 64
33 64
50 87
90 39
30 31
42 61
98 13
20 99
79 46
87 20
41 40
54 27
21 4
6 91
96 19
95 26
64 81
97 56
73 76
13 46
80 69
48 79
49 8
21 64
40 17
44 85
62 87
94 89
35 46
14 63
57 92
56 25
46 27
88 41
19 24
42 19
71 76
48 85
7 56
76 43
19 30
65 62
22 99
29 66
83 26
8 35
48 17
93 70
40 29
31 68
11 66
42 39
18 33
10 51
85 30
10 97
10 95
72 77
59 82
57 94
96 61
34 33
46 23
62 7
18 35
11 54
39 34
67 24
48 91
81 56
5 74
34 7
33 12
29 46
25 74
76 21
44 7
85 44
18 65
23 24
30 7
35 58
56 69
57 46
66 39
26 61
97 62
4 15
78 55
78 63
90 7
29 24
48 75
70 33
67 22
19 30
47 96
54 31
37 82
60 89
31 16
90 49
98 15
41 100
51 94
82 87
27 98
36 87
19 90
65 14
33 56
24 99
50 7
65 54
97 72
62 67
93 90
62 39
35 26
62 91
89 10
72 95
28 5
16 61
94 47
7 44
26 87
75 72
78 73
75 50
41 90
62 27
66 73
94 43
47 58
41 76
21 92
77 44
38 99
60 3
45 20
91 30
53 26
83 56
94 23
31 66
67 58
99 90
77 6
68 67
87 28
90 35
30 35
1 76
18 73
63 16
26 5
56 91
41 32
49 60
87 84
26 39
26 39
2 83
3 54
10 75
32 27
48 95
94 61
44 71
66 99
83 62
53 22
73 38
8 17
8 73
82 49
33 82
6 53
82 95
22 1
62 31
68 73
98 21
100 79
21 34
29 6
15 86
58 69
15 58
91 50
85 22
87 98
53 52
83 72
99 74
4 29
32 85
70 43
33 32
15 76
92 69
66 75
82 1
47 58
77 78
27 44
5 44
27 16
17 12
65 8
29 38
9 12
86 3
33 24
76 59
55 68
22 33
45 76
63 76
45 48
31 46
73 88
7 42
46 75
83 60
48 45
87 44
44 17
90 57
31 10
97 4
49 88
62 37
34 23
36 77
88 83
74 75
43 68
25 74
29 78
89 62
33 46
85 10
69 92
21 80
39 94
6 17
84 87
73 12
89 48
28 27
51 48
71 42
35 54
59 96
4 67
60 99
16 33
48 95
47 82
1 54
2 19
83 22
8 27
4 67
74 7
33 92
19 100
51 90
65 98
36 11
31 36
65 58
6 89
12 9
68 87
5 52
51 6
70 75
90 67
40 69
95 78
18 67
61 24
3 80
10 59
31 92
82 81
97 66
34 43
66 83
76 77
51 56
64 43
25 10
61 90
98 73
13 52
52 75
15 14
9 48
8 27
82 35
32 5
4 47
47 80
56 71
11 68
41 76
11 92
2 73
26 19
68 9
61 72
3 62
29 14
29 40
36 71
98 19
38 87
55 58
22 83
42 69
4 79
81 48
79 78
72 71
73 22
70 45
6 87
28 71
71 26
15 42
48 41
62 7
33 4
51 54
89 56
88 5
61 62
94 31
100 1
73 62
59 6
11 64
85 10
18 53
14 7
8 53
63 20
43 26
96 31
51 96
83 24
2 91
53 58
71 78
69 84
100 69
57 2
78 25
31 18
14 83
27 4
1 42
36 67
34 35
68 69
9 62
79 32
22 5
35 22
46 87
92 17
12 97
28 47
64 25
4 19
85 16
49 4
84 81
43 64
96 3
76 27
43 80
16 23
78 31
81 2
17 82
95 56
81 76
81 76
79 10
57 92
5 34
74 3
97 6
4 29
62 45
23 76
62 17
92 63
24 27
95 98
11 4
12 93
98 55
56 67
42 49
72 31
51 96
85 72
93 10
59 34
89 68
99 2
58 41
27 62
72 59
93 34
67 92
43 52
11 70
13 82
100 65
45 92
23 14
76 33
69 56
52 95
73 62
96 95
88 59
64 37
5 12
23 32
52 65
69 72
73 20
93 24
51 32
62 35
99 84
92 83
85 52
74 59
80 77
61 2
24 63
98 73
14 67
50 87
78 71
33 34
69 100
78 89
20 1
3 42
67 4
73 98
16 3
73 90
24 37
36 37
71 92
50 37
47 74
25 62
26 31
85 12
64 55
55 14
30 5
61 90
75 30
84 75
91 20
67 16
96 99
3 88
49 92
46 9
81 50
27 8
32 27
36 67
1 26
33 98
55 74
96 1
63 96
44 9
10 35
36 41
62 71
7 14
75 80
68 29
81 50
49 36
31 56
4 53
59 36
89 32
14 69
80 15
23 2
31 66
88 93
19 20
88 41
83 36
64 89
93 62
44 1
64 79
8 77
91 16
67 26
78 49
26 95
66 63
64 71
39 78
46 83
78 9
61 14
32 77
10 91
53 52
91 72
15 38
96 31
8 5
68 85
65 80
56 11
60 25
96 3
36 85
8 83
69 74
23 88
38 75
60 33
45 48
90 53
31 4
84 57
51 22
32 25
73 72
45 26
89 34
30 71
21 18
46 59
15 8
22 39
68 27
94 97
90 11
1 84
2 31
48 53
49 88
53 16
65 32
73 6
94 25
36 89
6 37
73 92
22 93
50 89
60 15
3 60
54 7
4 43
3 76
37 58
20 61
74 57
15 32
46 75
53 98
7 30
2 55
28 35
33 100
48 59
50 1
72 51
20 19
15 12
74 11
82 37
12 31
14 97
55 34
42 1
30 91
35 92
1 68
81 94
14 29
26 51
58 69
76 31
53 16
83 88
30 97
68 55
99 86
48 19
5 52
43 50
56 49
7 66
14 11
29 96
65 94
1 62
86 91
61 62
36 47
97 78
30 23
22 89
40 87
99 68
82 49
67 42
71 22
81 24
35 18
14 39
100 89
73 74
51 48
95 24
10 35
54 43
24 95
99 22
71 80
4 73
48 15
84 9
69 14
97 86
20 71
16 67
80 51
76 33
20 9
70 83
62 39
90 1
65 58
80 99
72 99
58 13
2 81
77 84
46 7
34 63
67 30
29 34
26 89
56 45
9 28
39 74
58 85
91 54
18 21
94 51
48 71
65 56
24 7
94 15
60 63
87 80
23 32
54 61
22 7
91 60
45 66
80 25
52 19
5 8
12 3
39 22
81 50
47 46
87 26
96 79
15 42
31 2
34 31
54 99
76 5
83 72
68 87
54 69
66 31
14 91
43 74
54 97
89 100
92 23
71 26
91 90
12 53
12 65
34 13
2 51
95 92
1 8
77 76
96 83
24 19
66 75
3 42
7 94
22 39
49 92
11 58
31 72
95 58
33 30
53 30
72 9
41 66
28 23
80 29
74 47
61 38
27 32
10 47
94 49
90 25
29 56
4 33
30 69
64 15
96 21
66 77
81 94
65 10
55 32
56 73
77 68
22 95
96 13
27 28
6 43
89 20
22 65
49 16
42 33
98 23
16 67
52 71
91 70
98 59
4 75
90 99
100 47
53 64
31 30
85 80
5 100
70 89
77 68
94 25
64 97
93 56
74 57
39 26
50 99
18 19
95 16
28 91
14 43
39 6
98 75
64 41
96 13
62 81
82 79
51 40
42 45
78 13
86 5
24 81
82 33
55 4
51 14
77 90
33 40
7 82
39 92
80 45
57 62
77 92
48 23
49 52
100 19
94 73
70 13
39 98
1 88
62 69
33 28
45 94
30 95
94 81
58 25
66 15
66 15
55 50
46 57
80 19
23 8
39 84
55 12
69 20
38 31
98 87
39 84
77 36
40 13
12 71
85 70
5 48
19 64
82 29
16 41
98 59
38 83
9 96
48 71
46 39
91 86
64 67
14 91
85 94
7 20
55 68
45 86
13 70
2 25
49 74
31 18
7 2
12 31
94 81
74 17
56 25
94 81
36 13
25 42
14 89
24 31
52 33
62 17
77 42
74 53
35 40
97 68
31 78
29 86
71 18
36 15
94 5
85 74
15 62
1 38
60 81
6 63
80 37
72 7
68 65
65 56
74 79
18 75
68 77
71 82
91 58
94 81
81 2
100 11
87 22
44 29
80 53
85 78
90 23
64 97
20 51
9 20
96 93
50 85
51 26
91 74
37 46
38 89
60 65
9 28
18 27
36 69
2 47
73 6
12 13
25 30
99 82
61 64
62 19
60 35
24 53
28 79
73 56
1 68
8 13
80 85
52 5
86 95
11 44
12 55
